effectID,byEffectType,byEffectExplain,dwOperationID,dwOperationData,dwOperationData1,dwPeriodicData,dwEXData,职业,备注
101,9,6,2,0,10000,1,101,战士,翻滚附加防御效果
102,9,9,2,0,1002,1,101,战士,翻滚附加防御效果
103,9,9,2,0,1003,1,101,战士,翻滚附加防御效果
104,9,9,2,0,1004,1,101,战士,翻滚附加防御效果
105,9,6,2,0,10000,1,102,战士,翻滚对落地点减速
106,9,9,2,0,1010,1,102,战士,翻滚对落地点减速
107,9,9,2,0,1011,1,102,战士,翻滚对落地点减速
108,9,9,2,0,1012,1,102,战士,翻滚对落地点减速
109,9,6,2,0,10000,1,103,战士,翻滚附加攻击强化效果
110,9,9,2,0,1014,1,103,战士,翻滚附加攻击强化效果
111,9,9,2,0,1015,1,103,战士,翻滚附加攻击强化效果
112,9,9,2,0,1016,1,103,战士,翻滚附加攻击强化效果
113,8,0,1,0,10,1,4,战士,翻滚的SP消耗下降
114,8,0,1,0,20,1,4,战士,翻滚的SP消耗下降
115,8,0,1,0,30,1,4,战士,翻滚的SP消耗下降
116,8,0,1,0,40,1,4,战士,翻滚的SP消耗下降
117,8,13,0,0,2000,1,6,战士,致命冲击的伤害提高20%
118,8,13,0,0,2000,1,7,战士,环刺的伤害提高20%
119,8,13,0,0,2000,1,8,战士,旋风刺的伤害提高20%
120,9,9,2,0,1071,1,106,战士,勇气呐喊附加胆怯效果
121,9,9,2,0,1072,1,106,战士,勇气呐喊附加胆怯效果
122,9,6,2,0,10000,1,104,战士,旋风刺命中敌人恢复SP
123,9,9,0,0,5,1,104,战士,旋风刺命中后恢复的SP提高
124,9,9,0,0,10,1,104,战士,旋风刺命中后恢复的SP提高
125,9,9,0,0,15,1,104,战士,旋风刺命中后恢复的SP提高
126,7,0,1,0,1000,1,100301,战士,致命冲击的冷却时间下降
127,7,0,1,0,2000,1,100301,战士,致命冲击的冷却时间下降
128,7,0,1,0,3000,1,100301,战士,致命冲击的冷却时间下降
129,7,0,1,0,4000,1,100301,战士,致命冲击的冷却时间下降
130,7,0,1,0,1000,1,100401,战士,圆月斩的冷却时间下降
131,7,0,1,0,2000,1,100401,战士,圆月斩的冷却时间下降
132,7,0,1,0,3000,1,100401,战士,圆月斩的冷却时间下降
133,7,0,1,0,4000,1,100401,战士,圆月斩的冷却时间下降
134,9,6,2,0,10000,1,105,战士,圆月斩命中小型敌人恢复SP
135,9,9,0,0,5,1,105,战士,圆月斩命中小型敌人后恢复的SP提高
136,9,9,0,0,10,1,105,战士,圆月斩命中小型敌人后恢复的SP提高
137,9,9,0,0,15,1,105,战士,圆月斩命中小型敌人后恢复的SP提高
138,9,9,2,0,1073,1,106,战士,勇气呐喊附加胆怯效果
139,8,13,0,0,2000,1,11,战士,勇气呐喊的伤害提高
140,8,13,0,0,4000,1,11,战士,勇气呐喊的伤害提高
141,8,13,0,0,6000,1,11,战士,勇气呐喊的伤害提高
142,9,6,2,0,4000,1,107,战士,修改撼地重击昏迷的概率
143,9,6,2,0,6000,1,107,战士,修改撼地重击昏迷的概率
144,9,6,2,0,8000,1,107,战士,修改撼地重击昏迷的概率
145,9,6,2,0,10000,1,107,战士,修改撼地重击昏迷的概率
146,8,13,0,0,2000,1,40,战士,飓风的伤害提高
147,8,13,0,0,4000,1,40,战士,飓风的伤害提高
148,8,13,0,0,6000,1,40,战士,飓风的伤害提高
149,8,13,0,0,2000,1,13,战士,暴风斩的伤害提高
150,8,13,0,0,4000,1,13,战士,暴风斩的伤害提高
151,8,13,0,0,6000,1,13,战士,暴风斩的伤害提高
153,8,13,0,1,2000,1,14,战士,最后反击的伤害提高
154,8,13,0,1,4000,1,14,战士,最后反击的伤害提高
155,8,13,0,1,6000,1,14,战士,最后反击的伤害提高
156,7,0,1,0,5000,1,100501,战士,飓风的冷却时间下降
157,7,0,1,0,10000,1,100501,战士,飓风的冷却时间下降
158,7,0,1,0,15000,1,100501,战士,飓风的冷却时间下降
159,7,0,1,0,20000,1,100501,战士,飓风的冷却时间下降
160,10,30,0,0,1000,1,15,法师,闪电阵的持续时间增加1秒
161,10,30,0,0,2000,1,15,法师,闪电阵的持续时间增加2秒
162,10,30,0,0,3000,1,15,法师,闪电阵的持续时间增加3秒
163,10,30,0,0,4000,1,15,法师,闪电阵的持续时间增加4秒
164,9,6,2,0,10000,1,156,法师,闪电阵命中敌人恢复sp
165,9,9,0,0,5,1,156,法师,闪电阵命中敌人恢复sp增加
166,9,9,0,0,10,1,156,法师,闪电阵命中敌人恢复sp增加
167,9,9,0,0,15,1,156,法师,闪电阵命中敌人恢复sp增加
168,9,6,2,0,10000,1,157,法师,闪电阵附加伤害提高效果
169,9,9,2,0,1060,1,157,法师,闪电阵附加伤害提高效果
170,9,9,2,0,1061,1,157,法师,闪电阵附加伤害提高效果
171,9,9,2,0,1062,1,157,法师,闪电阵附加伤害提高效果
172,9,6,2,0,10000,1,109,法师,瞬间移动附加护盾效果
173,9,9,2,0,1078,1,109,法师,瞬间移动的护盾减伤效果提高
174,9,9,2,0,1079,1,109,法师,瞬间移动的护盾减伤效果提高
175,9,9,2,0,1080,1,109,法师,瞬间移动的护盾减伤效果提高
176,9,6,2,0,2500,1,110,法师,瞬间移动附加减速效果
177,9,6,2,0,5000,1,110,法师,瞬间移动附加减速效果
178,9,6,2,0,7500,1,110,法师,瞬间移动附加减速效果
179,9,6,2,0,10000,1,110,法师,瞬间移动附加减速效果
180,8,13,0,0,250,1,0,战士,战士基础攻击造成的伤害提高2.5%
181,8,13,0,0,500,1,0,战士,战士基础攻击造成的伤害提高5%
182,8,13,0,0,750,1,0,战士,战士基础攻击造成的伤害提高7.5%
183,9,6,2,0,2500,1,111,法师,暴风冰锥附加冰霜效果
184,9,6,2,0,5000,1,111,法师,暴风冰锥附加冰霜效果
185,9,6,2,0,7500,1,111,法师,暴风冰锥附加冰霜效果
186,9,6,2,0,10000,1,111,法师,暴风冰锥附加冰霜效果
187,9,6,2,0,10000,1,112,法师,瞬间移动使法师的攻击速度提高
188,9,9,2,0,1067,1,112,法师,瞬间移动使法师的攻击速度提高
189,9,9,2,0,1068,1,112,法师,瞬间移动使法师的攻击速度提高
190,9,9,2,0,1069,1,112,法师,瞬间移动使法师的攻击速度提高
191,8,0,1,0,10,1,18,法师,瞬间移动的SP消耗下降
192,8,0,1,0,20,1,18,法师,瞬间移动的SP消耗下降
193,8,0,1,0,30,1,18,法师,瞬间移动的SP消耗下降
194,8,0,1,0,40,1,18,法师,瞬间移动的SP消耗下降
195,8,13,0,0,1500,1,19,法师,暴风冰锥的伤害提高
196,8,13,0,0,3000,1,19,法师,暴风冰锥的伤害提高
197,8,13,0,0,4500,1,19,法师,暴风冰锥的伤害提高
198,8,13,0,0,6000,1,19,法师,暴风冰锥的伤害提高
199,8,13,0,0,2000,1,20,法师,冰刺的伤害提高
200,8,13,0,0,4000,1,20,法师,冰刺的伤害提高
201,8,13,0,0,6000,1,20,法师,冰刺的伤害提高
202,9,9,2,0,20000,1,165,法师,冰刺击飞的距离增加
203,9,9,2,0,25000,1,165,法师,冰刺击飞的距离增加
204,9,9,2,0,30000,1,165,法师,冰刺击飞的距离增加
205,9,10,0,0,1,1,116,游侠,弩箭射击发出的弩箭数增多
206,9,10,0,0,2,1,116,游侠,弩箭射击发出的弩箭数增多
207,9,10,0,0,3,1,116,游侠,弩箭射击发出的弩箭数增多
216,8,17,0,0,5000,1,20,法师,冰刺对boss敌人的伤害提高
217,8,17,0,0,10000,1,20,法师,冰刺对boss敌人的伤害提高
218,8,17,0,0,15000,1,20,法师,冰刺对boss敌人的伤害提高
219,8,17,0,0,20000,1,20,法师,冰刺对boss敌人的伤害提高
220,9,6,2,0,250,1,115,法师,雷电术附加感电效果
221,9,6,2,0,500,1,115,法师,雷电术附加感电效果
222,9,6,2,0,750,1,115,法师,雷电术附加感电效果
223,9,6,2,0,1000,1,115,法师,雷电术附加感电效果
224,8,6,0,0,1,1,22,法师,雷电术能够命中的目标增加1个
225,8,6,0,0,2,1,22,法师,雷电术能够命中的目标增加2个
226,8,6,0,0,3,1,22,法师,雷电术能够命中的目标增加3个
227,8,6,0,0,4,1,22,法师,雷电术能够命中的目标增加4个
228,9,6,2,0,10000,1,113,法师,雷电术命中敌人后恢复1%最大Hp的生命值
229,9,9,2,0,200,1,113,法师,雷电术命中敌人后恢复2%最大Hp的生命值
230,9,9,2,0,300,1,113,法师,雷电术命中敌人后恢复3%最大Hp的生命值
231,9,9,2,0,400,1,113,法师,雷电术命中敌人后恢复4%最大Hp的生命值
232,9,9,0,0,5,1,120,法师,火球术命中后恢复的sp提高
233,9,9,0,0,10,1,120,法师,火球术命中后恢复的sp提高
234,9,9,0,0,15,1,120,法师,火球术命中后恢复的sp提高
235,9,9,0,0,20,1,120,法师,火球术命中后恢复的sp提高
236,9,6,2,0,250,1,118,法师,火球术放置燃烧地带
237,9,6,2,0,500,1,118,法师,火球术放置燃烧地带
238,9,6,2,0,750,1,118,法师,火球术放置燃烧地带
239,9,6,2,0,1000,1,118,法师,火球术放置燃烧地带
240,9,6,2,0,1000,1,163,法师,火球有一定几率发射追踪火球
241,9,6,2,0,1500,1,163,法师,火球有一定几率发射追踪火球
242,1,0,20,20,1,0,1,法师,开启冰刺
243,9,6,2,0,2000,1,163,法师,火球有一定几率发射追踪火球
244,10,17,0,0,500,1,5,法师,火球术对boss敌人的伤害提高
245,10,17,0,0,1000,1,5,法师,火球术对boss敌人的伤害提高
246,10,17,0,0,1500,1,5,法师,火球术对boss敌人的伤害提高
247,10,17,0,0,2000,1,5,法师,火球术对boss敌人的伤害提高
248,9,6,2,0,10000,1,122,战士,修改圆月斩产生旋风的概率
249,9,10,2,0,4,1,122,战士,修改圆月斩产生旋风的个数
250,9,10,2,0,5,1,122,战士,修改圆月斩产生旋风的个数
251,9,10,2,0,6,1,122,战士,修改圆月斩产生旋风的个数
252,9,6,2,0,10000,1,123,战士,修改暴风斩产生旋风的概率
253,9,10,2,0,4,1,123,战士,修改暴风斩产生旋风的个数
254,9,10,2,0,5,1,123,战士,修改暴风斩产生旋风的个数
255,9,10,2,0,6,1,123,战士,修改暴风斩产生旋风的个数
256,9,6,2,0,10000,1,176,游侠,弩箭射击命中大型或Boss敌人恢复SP
257,9,9,0,0,5,1,176,游侠,弩箭射击命中大型或Boss敌人恢复的SP提高
258,9,9,0,0,10,1,176,游侠,弩箭射击命中大型或Boss敌人恢复的SP提高
259,9,9,0,0,15,1,176,游侠,弩箭射击命中大型或Boss敌人恢复的SP提高
260,10,13,0,0,250,1,8,游侠,弩箭射击的伤害提高2.5%
261,10,13,0,0,500,1,8,游侠,弩箭射击的伤害提高5%
262,10,13,0,0,750,1,8,游侠,弩箭射击的伤害提高7.5%
263,10,13,0,0,1000,1,8,游侠,弩箭射击的伤害提高10%
264,10,13,0,0,250,1,18,游侠,贯穿箭的伤害提高2.5%
265,10,13,0,0,500,1,18,游侠,贯穿箭的伤害提高5%
266,10,13,0,0,750,1,18,游侠,贯穿箭的伤害提高7.5%
267,10,13,0,0,1000,1,18,游侠,贯穿箭的伤害提高10%
268,10,13,0,0,2000,1,11,游侠,穿透箭造成的伤害提高20%
269,10,13,0,0,4000,1,11,游侠,穿透箭造成的伤害提高40%
271,9,6,2,0,2500,1,163,法师,火球有一定几率发射追踪火球
270,10,13,0,0,6000,1,11,游侠,穿透箭造成的伤害提高60%
272,9,6,2,0,10000,1,134,游侠,前冲跳跃附加攻速提高效果
273,9,9,2,0,1028,1,134,游侠,前冲跳跃附加攻速提高效果
274,9,9,2,0,1029,1,134,游侠,前冲跳跃附加攻速提高效果
275,9,9,2,0,1030,1,134,游侠,前冲跳跃附加攻速提高效果
276,9,6,2,0,10000,1,135,游侠,前冲跳跃附加移速提高效果
277,9,9,2,0,1032,1,135,游侠,前冲跳跃附加移速提高效果
278,9,9,2,0,1033,1,135,游侠,前冲跳跃附加移速提高效果
279,9,9,2,0,1034,1,135,游侠,前冲跳跃附加移速提高效果
280,9,6,2,0,10000,1,136,游侠,前冲跳跃附加闪避率提高效果
281,9,9,2,0,1083,1,136,游侠,前冲跳跃附加闪避率提高效果
282,9,9,2,0,1084,1,136,游侠,前冲跳跃附加闪避率提高效果
283,9,9,2,0,1085,1,136,游侠,前冲跳跃附加闪避率提高效果
285,8,0,1,0,10,1,24,游侠,前冲跳跃的SP消耗下降
286,8,0,1,0,20,1,24,游侠,前冲跳跃的SP消耗下降
287,8,0,1,0,30,1,24,游侠,前冲跳跃的SP消耗下降
288,8,0,1,0,40,1,24,游侠,前冲跳跃的SP消耗下降
289,1,0,20,47,1,0,1,游侠,开启穿透箭
290,10,13,0,0,2000,1,9,游侠,齐射造成的伤害提高20%
291,10,13,0,0,4000,1,9,游侠,齐射造成的伤害提高40%
292,10,13,0,0,6000,1,9,游侠,齐射造成的伤害提高60%
293,9,10,0,0,1,1,126,游侠,齐射的飞行物数量增加1个
294,9,10,0,0,2,1,126,游侠,齐射的飞行物数量增加2个
295,9,10,0,0,3,1,126,游侠,齐射的飞行物数量增加3个
296,9,10,0,0,4,1,126,游侠,齐射的飞行物数量增加4个
297,9,6,2,0,10000,1,179,游侠,穿透箭附加破甲效果
298,9,9,2,0,1087,1,179,游侠,穿透箭附加破甲效果
299,9,9,2,0,1088,1,179,游侠,穿透箭附加破甲效果
300,9,9,2,0,1089,1,179,游侠,穿透箭附加破甲效果
305,8,0,1,0,50,1,26,游侠,移动射击的SP消耗下降
306,8,0,1,0,100,1,26,游侠,移动射击的SP消耗下降
307,8,0,1,0,150,1,26,游侠,移动射击的SP消耗下降
308,8,0,1,0,200,1,26,游侠,移动射击的SP消耗下降
309,9,6,2,0,10000,1,161,游侠,移动射击后暴击率提高5%
310,9,9,2,0,1091,1,161,游侠,移动射击后暴击率提高10%
311,9,9,2,0,1092,1,161,游侠,移动射击后暴击率提高15%
312,9,9,2,0,1093,1,161,游侠,移动射击后暴击率提高20%
313,9,6,2,0,10000,1,137,游侠,移动射击附加束缚效果
314,9,9,2,0,1036,1,137,游侠,移动射击附加束缚效果
315,9,9,2,0,1037,1,137,游侠,移动射击附加束缚效果
316,9,9,2,0,1038,1,137,游侠,移动射击附加束缚效果
317,8,13,0,0,2000,1,27,游侠,箭雨造成的伤害提高20%
318,8,13,0,0,4000,1,27,游侠,箭雨造成的伤害提高40%
319,8,13,0,0,6000,1,27,游侠,箭雨造成的伤害提高60%
320,10,13,0,0,2000,1,13,游侠,暴风箭雨造成的伤害提高20%
321,10,13,0,0,4000,1,13,游侠,暴风箭雨造成的伤害提高40%
322,10,13,0,0,6000,1,13,游侠,暴风箭雨造成的伤害提高60%
323,9,6,2,0,2500,1,138,游侠,箭雨有25%的概率击昏非boss敌人
324,9,6,2,0,5000,1,138,游侠,箭雨有50%的概率击昏非boss敌人
325,9,6,2,0,7500,1,138,游侠,箭雨有75%的概率击昏非boss敌人
326,9,6,2,0,10000,1,138,游侠,箭雨有100%的概率击昏非boss敌人
339,7,0,1,0,5000,1,100507,游侠,箭雨的冷却时间下降
340,7,0,1,0,10000,1,100507,游侠,箭雨的冷却时间下降
341,7,0,1,0,15000,1,100507,游侠,箭雨的冷却时间下降
342,7,0,1,0,20000,1,100507,游侠,箭雨的冷却时间下降
349,9,6,2,0,10000,1,180,游侠,箭雨命中boss时附加伤害提高效果
350,9,9,2,0,1095,1,180,游侠,箭雨命中boss时附加伤害提高效果
351,9,9,2,0,1096,1,180,游侠,箭雨命中boss时附加伤害提高效果
352,9,9,2,0,1097,1,180,游侠,箭雨命中boss时附加伤害提高效果
356,9,6,2,0,500,1,162,牧师,修改牧师基础攻击回复sp的数量
357,9,6,2,0,1000,1,162,牧师,修改牧师基础攻击回复sp的数量
358,9,6,2,0,1500,1,162,牧师,修改牧师基础攻击回复sp的数量
359,9,6,2,0,2000,1,162,牧师,修改牧师基础攻击回复sp的数量
360,9,6,2,0,2500,1,143,牧师,修改触发刻印的概率
361,9,6,2,0,2500,1,144,牧师,修改触发刻印的概率
363,9,6,2,0,5000,1,143,牧师,修改触发刻印的概率
364,9,6,2,0,5000,1,144,牧师,修改触发刻印的概率
366,9,6,2,0,7500,1,143,牧师,修改触发刻印的概率
367,9,6,2,0,7500,1,144,牧师,修改触发刻印的概率
369,9,6,2,0,10000,1,143,牧师,修改触发刻印的概率
370,9,6,2,0,10000,1,144,牧师,修改触发刻印的概率
372,9,6,2,0,10000,1,147,牧师,紧急回避附加防御效果
373,9,9,2,0,1046,1,147,牧师,紧急回避附加防御效果
374,9,9,2,0,1047,1,147,牧师,紧急回避附加防御效果
375,9,9,2,0,1048,1,147,牧师,紧急回避附加防御效果
376,9,6,2,0,10000,1,148,牧师,紧急回避附加防御效果
377,9,9,2,0,1050,1,148,牧师,紧急回避附加防御效果
378,9,9,2,0,1051,1,148,牧师,紧急回避附加防御效果
379,9,9,2,0,1052,1,148,牧师,紧急回避附加防御效果
380,9,6,2,0,2500,1,149,牧师,修改触发刻印的概率
381,9,6,2,0,5000,1,149,牧师,修改触发刻印的概率
382,9,6,2,0,7500,1,149,牧师,修改触发刻印的概率
383,9,6,2,0,10000,1,149,牧师,修改触发刻印的概率
384,8,0,1,0,10,1,34,牧师,紧急回避的SP消耗下降
385,8,0,1,0,20,1,34,牧师,紧急回避的SP消耗下降
386,8,0,1,0,30,1,34,牧师,紧急回避的SP消耗下降
387,8,0,1,0,40,1,34,牧师,紧急回避的SP消耗下降
388,9,6,2,0,2500,1,141,牧师,修改紧急回避附加刻印的概率
389,9,6,2,0,5000,1,141,牧师,修改紧急回避附加刻印的概率
390,9,6,2,0,7500,1,141,牧师,修改紧急回避附加刻印的概率
391,9,6,2,0,10000,1,141,牧师,修改紧急回避附加刻印的概率
392,9,6,2,0,10000,1,171,牧师,审判可为友方目标恢复生命
393,9,6,2,0,1000,1,150,牧师,修改审判附加睡眠的概率
394,9,6,2,0,2000,1,150,牧师,修改审判附加睡眠的概率
395,9,6,2,0,3000,1,150,牧师,修改审判附加睡眠的概率
396,9,6,2,0,4000,1,150,牧师,修改审判附加睡眠的概率
397,8,6,0,0,1,1,35,牧师,审判能影响的目标数量增加1个
398,8,6,0,0,2,1,35,牧师,审判能影响的目标数量增加2个
399,8,6,0,0,3,1,35,牧师,审判能影响的目标数量增加3个
400,8,6,0,0,5,1,35,牧师,审判能影响的目标数量增加5个
401,9,6,2,0,2500,1,151,牧师,修改回旋连击最后一击对非Boss怪造成昏迷的概率
402,9,6,2,0,5000,1,151,牧师,修改回旋连击最后一击对非Boss怪造成昏迷的概率
403,9,6,2,0,7500,1,151,牧师,修改回旋连击最后一击对非Boss怪造成昏迷的概率
404,9,6,2,0,10000,1,151,牧师,修改回旋连击最后一击对非Boss怪造成昏迷的概率
405,9,6,2,0,1000,1,152,牧师,修改回旋连击最后一击对Boss怪造成昏迷的概率
406,9,6,2,0,2000,1,152,牧师,修改回旋连击最后一击对Boss怪造成昏迷的概率
407,9,6,2,0,3000,1,152,牧师,修改回旋连击最后一击对Boss怪造成昏迷的概率
408,9,6,2,0,4000,1,152,牧师,修改回旋连击最后一击对Boss怪造成昏迷的概率
409,8,4,0,0,250,1,36,牧师,回旋连击的暴击率提高2.5%
410,8,4,0,0,500,1,36,牧师,回旋连击的暴击率提高5%
411,8,4,0,0,750,1,36,牧师,回旋连击的暴击率提高7.5%
412,8,4,0,0,1000,1,36,牧师,回旋连击的暴击率提高10%
413,8,4,0,0,250,1,37,牧师,回旋连击的暴击率提高2.5%
414,8,4,0,0,500,1,37,牧师,回旋连击的暴击率提高5%
415,8,4,0,0,750,1,37,牧师,回旋连击的暴击率提高7.5%
416,8,4,0,0,1000,1,37,牧师,回旋连击的暴击率提高10%
417,8,4,0,0,250,1,38,牧师,回旋连击的暴击率提高2.5%
418,8,4,0,0,500,1,38,牧师,回旋连击的暴击率提高5%
419,8,4,0,0,750,1,38,牧师,回旋连击的暴击率提高7.5%
420,8,4,0,0,1000,1,38,牧师,回旋连击的暴击率提高10%
433,8,13,0,0,1250,1,37,牧师,回旋连击第二击造成的伤害提高12.5%
434,8,13,0,0,2500,1,37,牧师,回旋连击第二击造成的伤害提高25%
435,8,13,0,0,3750,1,37,牧师,回旋连击第二击造成的伤害提高37.5%
436,8,13,0,0,5000,1,37,牧师,回旋连击第二击造成的伤害提高50%
437,8,13,0,0,5000,1,38,牧师,回旋连击第三击造成的伤害提高25%
438,8,13,0,0,10000,1,38,牧师,回旋连击第三击造成的伤害提高50%
439,8,13,0,0,15000,1,38,牧师,回旋连击第三击造成的伤害提高75%
440,8,13,0,0,20000,1,38,牧师,回旋连击第三击造成的伤害提高100%
441,9,9,2,0,1055,1,153,牧师,神圣破袭附加的防御下降效果提高
442,9,9,2,0,1056,1,153,牧师,神圣破袭附加的防御下降效果提高
443,9,9,2,0,1057,1,153,牧师,神圣破袭附加的防御下降效果提高
444,9,9,2,0,1058,1,153,牧师,神圣破袭附加的防御下降效果提高
445,9,6,2,0,2500,1,154,牧师,修改神圣破袭附加睡眠的概率
446,9,6,2,0,5000,1,154,牧师,修改神圣破袭附加睡眠的概率
447,9,6,2,0,7500,1,154,牧师,修改神圣破袭附加睡眠的概率
448,9,6,2,0,10000,1,154,牧师,修改神圣破袭附加睡眠的概率
449,9,6,2,0,2500,1,142,牧师,修改神圣破袭附加刻印的概率
450,9,6,2,0,5000,1,142,牧师,修改神圣破袭附加刻印的概率
451,9,6,2,0,7500,1,142,牧师,修改神圣破袭附加刻印的概率
452,9,6,2,0,10000,1,142,牧师,修改神圣破袭附加刻印的概率
457,8,17,0,0,1000,1,39,牧师,神圣破袭对boss敌人的伤害提高
458,8,17,0,0,2000,1,39,牧师,神圣破袭对boss敌人的伤害提高
459,8,17,0,0,3000,1,39,牧师,神圣破袭对boss敌人的伤害提高
460,8,17,0,0,4000,1,39,牧师,神圣破袭对boss敌人的伤害提高
461,9,6,2,0,10000,1,155,牧师,神圣破袭释放时恢复sp
462,9,9,0,0,100,1,155,牧师,神圣破袭命中后恢复的SP提高
463,9,9,0,0,200,1,155,牧师,神圣破袭命中后恢复的SP提高
464,9,9,0,0,300,1,155,牧师,神圣破袭命中后恢复的SP提高
469,8,17,0,0,2500,1,22,法师,雷电术对boss敌人的伤害提高
470,8,17,0,0,5000,1,22,法师,雷电术对boss敌人的伤害提高
471,8,17,0,0,7500,1,22,法师,雷电术对boss敌人的伤害提高
472,8,17,0,0,10000,1,22,法师,雷电术对boss敌人的伤害提高
473,9,6,2,0,250,1,158,法师,闪电阵附加束缚效果
474,9,6,2,0,500,1,158,法师,闪电阵附加束缚效果
475,9,6,2,0,750,1,158,法师,闪电阵附加束缚效果
476,9,6,2,0,1000,1,158,法师,闪电阵附加束缚效果
477,9,6,2,0,1000,1,116,游侠,弩箭射击有一定几率发射多只弩箭
478,9,6,2,0,1500,1,116,游侠,弩箭射击有一定几率发射多只弩箭
479,9,6,2,0,2000,1,116,游侠,弩箭射击有一定几率发射多只弩箭
480,9,6,2,0,2500,1,116,游侠,弩箭射击有一定几率发射多只弩箭
481,9,6,2,0,250,1,177,游侠,基础攻击命中非Boss目标后有2.5%的几率使目标束缚2秒。
482,9,6,2,0,500,1,177,游侠,基础攻击命中非Boss目标后有5%的几率使目标束缚2秒。
483,9,6,2,0,750,1,177,游侠,基础攻击命中非Boss目标后有7.5%的几率使目标束缚2秒。
484,9,6,2,0,1000,1,177,游侠,基础攻击命中非Boss目标后有10%的几率使目标束缚2秒。
485,9,6,2,0,600,1,159,战士,战士基础攻击有一定几率产生二段斩
486,9,6,2,0,900,1,159,战士,战士基础攻击有一定几率产生二段斩
487,9,6,2,0,1200,1,159,战士,战士基础攻击有一定几率产生二段斩
488,9,6,2,0,1500,1,159,战士,战士基础攻击有一定几率产生二段斩
489,9,6,2,0,600,1,160,战士,战士基础攻击有一定几率产生要害突刺
490,9,6,2,0,900,1,160,战士,战士基础攻击有一定几率产生要害突刺
491,9,6,2,0,1200,1,160,战士,战士基础攻击有一定几率产生要害突刺
492,9,6,2,0,1500,1,160,战士,战士基础攻击有一定几率产生要害突刺
493,10,2,0,0,2500,1,10,游侠,移动射击的暴击率提高25%
494,10,2,0,0,5000,1,10,游侠,移动射击的暴击率提高50%
495,10,2,0,0,7500,1,10,游侠,移动射击的暴击率提高75%
496,10,2,0,0,10000,1,10,游侠,移动射击的暴击率提高100%
501,9,6,2,0,250,1,139,牧师,牧师基础攻击有一定几率使非boss敌人昏迷
502,9,6,2,0,500,1,139,牧师,牧师基础攻击有一定几率使非boss敌人昏迷
503,9,6,2,0,750,1,139,牧师,牧师基础攻击有一定几率使非boss敌人昏迷
504,9,6,2,0,1000,1,139,牧师,牧师基础攻击有一定几率使非boss敌人昏迷
505,8,4,0,0,500,1,19,法师,暴风冰锥的暴击率提高
506,8,4,0,0,1000,1,19,法师,暴风冰锥的暴击率提高
507,8,4,0,0,1500,1,19,法师,暴风冰锥的暴击率提高
508,8,4,0,0,2000,1,19,法师,暴风冰锥的暴击率提高
509,1,0,20,7,1,0,1,战士,开启环刺连招
510,1,0,20,8,1,0,1,战士,开启旋风刺连招
511,1,0,20,11,1,0,1,战士,开启勇气呐喊连招
512,1,0,20,13,1,0,1,战士,开启暴风斩连招
513,1,0,20,14,1,0,1,战士,开启最后反击连招
514,1,0,20,30,1,0,1,游侠,开启暴风箭雨连招
515,9,6,2,0,10000,1,163,法师,法师火球术额外发出一发跟踪的火球
516,9,10,0,0,1,1,163,法师,法师火球术额外发出二发跟踪的火球
517,9,10,0,0,2,1,163,法师,法师火球术额外发出三发跟踪的火球
519,8,13,0,0,1000,1,0,战士,战士基础攻击造成的伤害提高10%
520,1,0,24,1000,15,0,1,战士,二段斩命中后恢复相当于伤害10%的生命值
521,1,0,24,2000,15,0,1,战士,二段斩命中后恢复相当于伤害20%的生命值
522,1,0,24,3000,15,0,1,战士,二段斩命中后恢复相当于伤害30%的生命值
523,1,0,24,4000,15,0,1,战士,二段斩命中后恢复相当于伤害40%的生命值
524,1,0,24,1000,16,0,1,战士,要害突刺命中后恢复相当于伤害10%的生命值
525,1,0,24,2000,16,0,1,战士,要害突刺命中后恢复相当于伤害20%的生命值
526,1,0,24,3000,16,0,1,战士,要害突刺命中后恢复相当于伤害30%的生命值
527,1,0,24,4000,16,0,1,战士,要害突刺命中后恢复相当于伤害40%的生命值
528,1,0,24,600,8,0,1,战士,旋风刺命中敌人时恢复相当于伤害6%的生命值
529,1,0,24,900,8,0,1,战士,旋风刺命中敌人时恢复相当于伤害9%的生命值
530,1,0,24,1200,8,0,1,战士,旋风刺命中敌人时恢复相当于伤害12%的生命值
531,1,0,24,1500,8,0,1,战士,旋风刺命中敌人时恢复相当于伤害15%的生命值
532,9,9,2,0,2,1,122,战士,修改圆月斩召唤的旋风伤害
533,9,9,2,0,3,1,122,战士,修改圆月斩召唤的旋风伤害
534,9,9,2,0,4,1,122,战士,修改圆月斩召唤的旋风伤害
535,9,9,2,0,2,1,123,战士,修改暴风斩召唤的旋风伤害
536,9,9,2,0,3,1,123,战士,修改暴风斩召唤的旋风伤害
537,9,9,2,0,4,1,123,战士,修改暴风斩召唤的旋风伤害
538,1,0,24,100,31,0,1,牧师,基础攻击命中恢复HP
539,1,0,24,200,31,0,1,牧师,基础攻击命中恢复HP
540,1,0,24,300,31,0,1,牧师,基础攻击命中恢复HP
541,1,0,24,400,31,0,1,牧师,基础攻击命中恢复HP
542,1,0,24,100,32,0,1,牧师,基础攻击命中恢复HP
543,1,0,24,200,32,0,1,牧师,基础攻击命中恢复HP
544,1,0,24,300,32,0,1,牧师,基础攻击命中恢复HP
545,1,0,24,400,32,0,1,牧师,基础攻击命中恢复HP
547,6,76,0,0,1000,0,1,牧师,攻击睡眠中的敌人伤害提高
548,6,76,0,0,2000,0,1,牧师,攻击睡眠中的敌人伤害提高
549,6,76,0,0,3000,0,1,牧师,攻击睡眠中的敌人伤害提高
550,6,76,0,0,4000,0,1,牧师,攻击睡眠中的敌人伤害提高
551,8,13,0,0,10000,1,41,牧师,审判加血的效果提升
552,8,13,0,0,20000,1,41,牧师,审判加血的效果提升
553,8,13,0,0,30000,1,41,牧师,审判加血的效果提升
554,10,2,0,0,500,1,9,游侠,齐射的暴击几率提高2.5%
555,10,2,0,0,1000,1,9,游侠,齐射的暴击几率提高5%
556,10,2,0,0,1500,1,9,游侠,齐射的暴击几率提高7.5%
557,10,2,0,0,2000,1,9,游侠,齐射的暴击几率提高10%
558,8,6,0,0,1,1,41,牧师,审判能影响的目标数量增加1个
559,8,6,0,0,2,1,41,牧师,审判能影响的目标数量增加2个
560,8,6,0,0,3,1,41,牧师,审判能影响的目标数量增加3个
561,8,6,0,0,5,1,41,牧师,审判能影响的目标数量增加5个
562,8,13,0,0,250,1,1,战士,战士基础攻击造成的伤害提高2.5%
563,8,13,0,0,500,1,1,战士,战士基础攻击造成的伤害提高5%
564,8,13,0,0,750,1,1,战士,战士基础攻击造成的伤害提高7.5%
565,8,13,0,0,1000,1,1,战士,战士基础攻击造成的伤害提高10%
566,8,13,0,0,250,1,2,战士,战士基础攻击造成的伤害提高2.5%
567,8,13,0,0,500,1,2,战士,战士基础攻击造成的伤害提高5%
568,8,13,0,0,750,1,2,战士,战士基础攻击造成的伤害提高7.5%
569,8,13,0,0,1000,1,2,战士,战士基础攻击造成的伤害提高10%
570,8,13,0,0,250,1,3,战士,战士基础攻击造成的伤害提高2.5%
571,8,13,0,0,500,1,3,战士,战士基础攻击造成的伤害提高5%
572,8,13,0,0,750,1,3,战士,战士基础攻击造成的伤害提高7.5%
573,8,13,0,0,1000,1,3,战士,战士基础攻击造成的伤害提高10%
10001,6,11,0,1,500,0,0,通用,防御力提高5%
10002,6,11,0,1,1000,0,0,通用,防御力提高10%
10003,6,11,0,1,1500,0,0,通用,防御力提高15%
10004,6,11,0,1,2000,0,0,通用,防御力提高20%
10005,1,0,1,1009,0,0,0,通用,废除
10006,1,0,1,1010,0,0,0,通用,废除
10007,1,0,1,1011,0,0,0,通用,废除
10008,1,0,1,1012,0,0,0,通用,废除
10009,6,37,1,1,1000,0,0,通用,移动速度下降10%
10010,6,37,1,1,2000,0,0,通用,移动速度下降20%
10011,6,37,1,1,3000,0,0,通用,移动速度下降30%
10012,6,37,1,1,4000,0,0,通用,移动速度下降40%
10013,6,69,0,0,300,0,0,通用,造成的伤害提高3%
10014,6,69,0,0,600,0,0,通用,造成的伤害提高6%
10015,6,69,0,0,900,0,0,通用,造成的伤害提高9%
10016,6,69,0,0,1200,0,0,通用,造成的伤害提高12%
10017,6,78,0,0,250,0,0,通用,受到的伤害提高2.5%
10018,6,78,0,0,500,0,0,通用,受到的伤害提高5%
10019,6,78,0,0,750,0,0,通用,受到的伤害提高7.5%
10020,6,78,0,0,1000,0,0,通用,受到的伤害提高10%
10021,1,0,2,2,0,0,1,通用,在buff开始时附加昏迷效果
10022,6,5,0,1,500,0,0,通用,生命上限提高5%
10023,6,5,0,1,2000,0,0,通用,生命上限提高20%
10024,6,34,0,0,300,0,0,通用,暴击率提高3%
10025,6,34,0,0,1000,0,0,通用,暴击率提高10%
10026,6,29,1,1,3000,0,0,通用,攻击速度下降30%
10027,1,0,2,0,0,0,1,通用,在buff开始时附加束缚效果
10028,1,0,2,3,0,0,1,通用,在buff开始时附加无法攻击效果
10029,2,0,7,1,0,0,0,通用,火球术附加的燃烧buff伤害
10030,1,0,2,4,0,0,1,通用,在buff开始时附加无敌状态
10031,6,29,0,0,500,0,0,通用,攻击速度提高5%
10032,6,29,0,0,1000,0,0,通用,攻击速度提高10%
10033,6,29,0,0,1500,0,0,通用,攻击速度提高15%
10034,6,29,0,0,2000,0,0,通用,攻击速度提高20%
10035,6,37,0,1,1000,0,0,通用,移动速度提高10%
10036,6,37,0,1,2000,0,0,通用,移动速度提高20%
10037,6,37,0,1,3000,0,0,通用,移动速度提高30%
10038,6,37,0,1,4000,0,0,通用,移动速度提高40%
10039,2,0,7,2,0,0,0,通用,牧师刻印附加的雷电伤害
10040,1,0,2,1,0,0,1,通用,在buff开始时附加睡眠效果
10041,6,11,1,1,1000,0,0,通用,防御力降低10%
10042,6,11,1,1,1250,0,0,通用,防御力降低12.5%
10043,6,11,1,1,1500,0,0,通用,防御力降低15%
10044,6,11,1,1,1750,0,0,通用,防御力降低17.5%
10045,6,11,1,1,2000,0,0,通用,防御力降低20%
10046,1,0,7,3,0,0,0,通用,非boss敌人刻印爆炸
10047,1,0,7,4,0,0,0,通用,boss敌人刻印爆炸
10049,1,0,18,1044,0,0,0,通用,驱散刻印
10050,6,33,0,0,20000,0,0,通用,闪避率提高200%
10051,6,78,1,0,3000,0,0,通用,受到的伤害下降
10052,6,78,1,0,500,0,0,通用,受到的伤害下降
10053,2,0,7,6,0,0,0,通用,矮人神射手灼烧调用buffaction
10054,6,69,1,0,250,0,0,通用,造成的伤害下降2.5%
10055,6,69,1,0,500,0,0,通用,造成的伤害下降5%
10056,6,69,1,0,750,0,0,通用,造成的伤害下降7.5%
10057,6,69,1,0,1000,0,0,通用,造成的伤害下降10%
10058,6,78,1,0,1000,0,0,通用,受到的伤害下降
10059,6,78,1,0,1500,0,0,通用,受到的伤害下降
10060,6,78,1,0,2000,0,0,通用,受到的伤害下降
10061,6,33,0,0,300,0,0,通用,闪避率提高3%
10062,6,33,0,0,600,0,0,通用,闪避率提高6%
10063,6,33,0,0,900,0,0,通用,闪避率提高9%
10064,6,33,0,0,1500,0,0,通用,闪避率提高15%
10065,6,11,1,1,250,0,0,通用,防御力降低2.5%
10066,6,11,1,1,500,0,0,通用,防御力降低5%
10067,6,11,1,1,750,0,0,通用,防御力降低7.5%
10068,6,11,1,1,1000,0,0,通用,防御力降低10%
10069,6,34,0,0,500,0,0,通用,暴击率提高5%
10070,6,34,0,0,1000,0,0,通用,暴击率提高10%
10071,6,34,0,0,1500,0,0,通用,暴击率提高15%
10072,6,34,0,0,2000,0,0,通用,暴击率提高20%
10073,6,37,1,1,1500,0,0,通用,移动速度下降15%
10074,6,69,0,0,2000,0,0,通用,造成的伤害提高20%
10075,6,37,0,1,2000,0,0,通用,移动速度提高20%
10076,6,37,1,1,3000,0,0,通用,移动速度下降30%
10077,6,78,1,0,800,0,0,通用,受到的伤害下降
10078,6,18,0,1,800,0,0,圣光主祭光环,冰抗性提高8%
10079,6,17,0,1,800,0,0,圣光主祭光环,火抗性提高8%
10080,6,18,0,1,800,0,0,圣光主祭光环,毒抗性提高8%
10081,6,17,0,1,800,0,0,圣光主祭光环,雷抗性提高8%
10082,6,37,1,1,2000,0,0,通用,移动速度下降20%
10083,2,0,7,7,0,0,0,暗影,暗影流血伤害
10085,6,33,0,0,2000,0,0,暗影,闪避率提高20%
10086,2,0,7,9,0,0,0,通用,中毒伤害
11086,6,33,0,0,30000,0,0,玛丽娜烟雾陷阱,闪避率提高300%
11001,6,9,0,1,10000,0,0,矮人狂战士,最小伤害提高100%
11002,6,10,0,1,10000,0,0,矮人狂战士,最大伤害提高100%
11003,6,34,0,0,1000,0,0,矮人狂战士,暴击率提高10%
11004,2,0,3,100,0,0,0,小花仙,周期性恢复生命值
11005,6,33,0,0,1000,0,0,小花仙,闪避率提高10%
11006,6,18,0,0,380,0,0,小艾丽娅,毒素抗性提高380点
11007,6,17,0,0,840,0,0,小艾丽娅,火焰抗性提高840点
11008,6,69,0,0,1000,0,0,酒桶,造成的伤害提高10%
11009,2,0,1,2006,0,0,0,酒桶,减速30%光环
11010,2,0,1,2007,0,0,0,圣光主祭,减伤8%光环
11011,2,0,1,2008,0,0,0,圣光主祭,元素抗性8%光环
11012,6,5,0,1,500,0,0,小黄,生命上限提高5%
11013,6,78,1,0,5000,0,0,小黄,受到的伤害下降
11014,6,32,0,0,1000,0,0,矮人神射手,命中提高10%。
11015,6,34,0,0,1500,0,0,矮人神射手,暴击率提高15%
11016,2,0,47,100,0,0,0,圣火妖姬,周期性减血
11017,6,9,0,1,500,0,0,狮心勇士,最小伤害提高5%
11018,6,10,0,1,500,0,0,狮心勇士,最大伤害提高5%
11019,6,11,0,1,500,0,0,狮心勇士,防御力提高5%
11020,6,20,0,0,100,0,0,狮心勇士,穿透点数提高100点
11021,6,12,0,1,300,0,0,流浪法师,冰攻击提高3%
11022,6,13,0,1,300,0,0,流浪法师,火攻击提高3%
11023,6,14,0,1,300,0,0,流浪法师,毒攻击提高3%
11024,6,15,0,1,300,0,0,流浪法师,雷攻击提高3%
11025,2,0,1,2005,0,0,0,玄冰法师,减速15%光环
11026,2,0,3,100,0,0,0,玲珑法师,生命恢复光环
11027,6,78,1,0,5000,0,0,玲珑法师,受到的伤害下降
11028,6,16,0,0,250,0,0,矮人铁锤,冰抗性提高250点
11029,6,17,0,0,250,0,0,矮人铁锤,火抗性提高250点
11030,6,18,0,0,250,0,0,矮人铁锤,毒抗性提高250点
11031,6,19,0,0,250,0,0,矮人铁锤,雷抗性提高250点
11032,6,11,0,1,5000,0,0,艾尔蕾雅,防御力提高50%
11033,6,11,0,1,2000,0,0,矮人铁锤,防御力提高20%
11034,2,0,7,5,0,0,0,小花仙,小花仙大藤蔓术伤害
11035,6,9,0,1,1000,0,0,中级侍卫,最小伤害提高10%
11036,6,10,0,1,1000,0,0,中级侍卫,最大伤害提高10%
11037,6,11,0,1,1000,0,0,中级侍卫,防御力提高10%
11038,6,32,0,0,1000,0,0,玛丽娜,命中提高10%。
11039,6,9,0,1,2000,0,0,暗影,最小伤害提高20%
11040,6,10,0,1,2000,0,0,暗影,最大伤害提高20%
11041,6,9,0,1,1000,0,0,玛丽娜,最小伤害提高10%
11042,6,10,0,1,1000,0,0,玛丽娜,最大伤害提高10%
11043,2,0,3,500,0,0,0,米勒大叔,治愈之球光环
11044,2,0,1,2015,0,0,0,米勒大叔,治愈之球伤害光环
11045,1,0,7,8,0,0,0,米勒大叔,治愈之球伤害
11046,6,11,0,1,1000,0,0,米勒大叔,防御力提高10%
11047,6,16,0,0,100,0,0,米勒大叔,冰抗性提高100点
11048,6,17,0,0,100,0,0,米勒大叔,火抗性提高100点
11049,6,18,0,0,100,0,0,米勒大叔,毒抗性提高100点
11050,6,19,0,0,100,0,0,米勒大叔,雷抗性提高100点
11051,2,0,1,2017,0,0,0,米勒大叔,减伤8%光环
11052,6,37,0,1,1000,0,0,米勒大叔,移动速度提高10%
11053,6,69,0,0,1000,0,0,秀逗魔法师,造成的伤害提高10%
11054,6,9,0,1,800,0,0,佩恩,最小伤害提高8%
11055,6,10,0,1,800,0,0,佩恩,最大伤害提高8%
11056,6,11,0,1,800,0,0,佩恩,防御力提高8%
11057,6,16,0,0,200,0,0,佩恩,冰抗性提高200点
11058,6,17,0,0,200,0,0,佩恩,火抗性提高200点
11059,6,18,0,0,200,0,0,佩恩,毒抗性提高200点
11060,6,19,0,0,200,0,0,佩恩,雷抗性提高200点
12001,6,5,0,1,500,0,0,组合1,生命上限提高5%
12002,6,5,0,1,800,0,0,组合2,生命上限提高8%
12003,6,5,0,1,1000,0,0,组合3,生命上限提高10%
12004,6,9,0,1,500,0,0,组合4,最小伤害提高5%
12005,6,10,0,1,500,0,0,组合4,最大伤害提高5%
12006,6,9,0,1,800,0,0,组合5,最小伤害提高8%
12007,6,10,0,1,800,0,0,组合5,最大伤害提高8%
12008,6,9,0,1,1000,0,0,组合6,最小伤害提高10%
12009,6,10,0,1,1000,0,0,组合6,最大伤害提高10%
12010,6,11,0,1,500,0,0,组合7,防御力提高5%
12011,6,11,0,1,800,0,0,组合8,防御力提高8%
12012,6,11,0,1,1000,0,0,组合9,防御力提高10%
12013,6,32,0,0,500,0,0,组合10,命中提高5%。
12014,6,32,0,0,800,0,0,组合11,命中提高8%。
12015,6,16,0,1,1000,0,0,矮人铁锤,冰抗性提高10%
12016,6,17,0,1,1000,0,0,矮人铁锤,火抗性提高10%
12017,6,19,0,1,1000,0,0,矮人铁锤,雷抗性提高10%
12018,6,32,0,0,1000,0,0,组合12,命中提高10%。
12019,6,33,0,0,500,0,0,组合13,闪避率提高5%
12020,6,33,0,0,800,0,0,组合14,闪避率提高8%
12021,6,33,0,0,1000,0,0,组合15,闪避率提高10
12022,6,34,0,0,500,0,0,组合16,暴击率提高5%
12023,6,34,0,0,800,0,0,组合17,暴击率提高8%
12024,6,34,0,0,1000,0,0,组合18,暴击率提高10%
12025,6,35,0,0,500,0,0,组合19,韧性提高5%
12026,6,35,0,0,800,0,0,组合20,韧性提高8%
12027,6,35,0,0,1000,0,0,组合21,韧性提高10%
12028,6,31,0,0,500,0,0,组合22,穿透提高5%
12029,6,31,0,0,800,0,0,组合23,穿透提高8%
12030,6,31,0,0,1000,0,0,组合24,穿透提高10%
12031,6,25,0,0,500,0,0,组合25,暴击伤害提高5%
12032,6,25,0,0,800,0,0,组合26,暴击伤害提高8%
12033,6,25,0,0,1000,0,0,组合27,暴击伤害提高10%
12034,6,26,0,0,500,0,0,组合28,暴击防御提高5%
12035,6,26,0,0,800,0,0,组合29,暴击防御提高8%
12036,6,26,0,0,1000,0,0,组合30,暴击防御提高10%
12037,6,16,0,1,500,0,0,组合31,冰抗性提高5%
12038,6,17,0,1,500,0,0,组合31,火抗性提高5%
12039,6,18,0,1,500,0,0,组合31,毒抗性提高5%
12040,6,19,0,1,500,0,0,组合31,雷抗性提高5%
12041,6,16,0,1,800,0,0,组合31,冰抗性提高8%
12042,6,17,0,1,800,0,0,组合31,火抗性提高8%
12043,6,18,0,1,800,0,0,组合31,毒抗性提高8%
12044,6,19,0,1,800,0,0,组合31,雷抗性提高8%
12045,6,16,0,1,1000,0,0,组合31,冰抗性提高10%
12046,6,17,0,1,1000,0,0,组合31,火抗性提高10%
12047,6,18,0,1,1000,0,0,组合31,毒抗性提高10%
12048,6,19,0,1,1000,0,0,组合31,雷抗性提高10%
15031,6,3,0,1,160,0,0,通用,体力提高1.6%。
15032,6,3,0,1,320,0,0,通用,体力提高3.2%。
15033,6,3,0,1,480,0,0,通用,体力提高4.8%。
15034,6,3,0,1,640,0,0,通用,体力提高6.4%。
15035,6,3,0,1,800,0,0,通用,体力提高8.0%。
15036,6,3,0,1,960,0,0,通用,体力提高9.6%。
15037,6,3,0,1,1120,0,0,通用,体力提高11.2%。
15038,6,3,0,1,1280,0,0,通用,体力提高12.8%。
15039,6,3,0,1,1440,0,0,通用,体力提高14.4%。
15040,6,3,0,1,1600,0,0,通用,体力提高16%。
15051,6,5,0,1,160,0,0,通用,生命上限提高1.6%。
15052,6,5,0,1,320,0,0,通用,生命上限提高3.2%。
15053,6,5,0,1,480,0,0,通用,生命上限提高4.8%。
15054,6,5,0,1,640,0,0,通用,生命上限提高6.4%。
15055,6,5,0,1,800,0,0,通用,生命上限提高8.0%。
15056,6,5,0,1,960,0,0,通用,生命上限提高9.6%。
15057,6,5,0,1,1120,0,0,通用,生命上限提高11.2%。
15058,6,5,0,1,1280,0,0,通用,生命上限提高12.8%。
15059,6,5,0,1,1440,0,0,通用,生命上限提高14.4%。
15060,6,5,0,1,1600,0,0,通用,生命上限提高16%。
15091,6,9,0,1,160,0,0,通用,生命上限提高1.6%。
15092,6,9,0,1,320,0,0,通用,生命上限提高3.2%。
15093,6,9,0,1,480,0,0,通用,生命上限提高4.8%。
15094,6,9,0,1,640,0,0,通用,生命上限提高6.4%。
15095,6,9,0,1,800,0,0,通用,生命上限提高8.0%。
15096,6,9,0,1,960,0,0,通用,生命上限提高9.6%。
15097,6,9,0,1,1120,0,0,通用,生命上限提高11.2%。
15098,6,9,0,1,1280,0,0,通用,生命上限提高12.8%。
15099,6,9,0,1,1440,0,0,通用,生命上限提高14.4%。
15100,6,9,0,1,1600,0,0,通用,生命上限提高16%。
15101,6,10,0,1,160,0,0,通用,最大攻击提高1.6%。
15102,6,10,0,1,320,0,0,通用,最大攻击提高3.2%。
15103,6,10,0,1,480,0,0,通用,最大攻击提高4.8%。
15104,6,10,0,1,640,0,0,通用,最大攻击提高6.4%。
15105,6,10,0,1,800,0,0,通用,最大攻击提高8.0%。
15106,6,10,0,1,960,0,0,通用,最大攻击提高9.6%。
15107,6,10,0,1,1120,0,0,通用,最大攻击提高11.2%。
15108,6,10,0,1,1280,0,0,通用,最大攻击提高12.8%。
15109,6,10,0,1,1440,0,0,通用,最大攻击提高14.4%。
15110,6,10,0,1,1600,0,0,通用,最大攻击提高16%。
15111,6,11,0,1,160,0,0,通用,防御提高1.6%。
15112,6,11,0,1,320,0,0,通用,防御提高3.2%。
15113,6,11,0,1,480,0,0,通用,防御提高4.8%。
15114,6,11,0,1,640,0,0,通用,防御提高6.4%。
15115,6,11,0,1,800,0,0,通用,防御提高8.0%。
15116,6,11,0,1,960,0,0,通用,防御提高9.6%。
15117,6,11,0,1,1120,0,0,通用,防御提高11.2%。
15118,6,11,0,1,1280,0,0,通用,防御提高12.8%。
15119,6,11,0,1,1440,0,0,通用,防御提高14.4%。
15120,6,11,0,1,1600,0,0,通用,防御提高16%。
15121,6,12,0,1,160,0,0,通用,寒气攻击提高1.6%。
15122,6,12,0,1,320,0,0,通用,寒气攻击提高3.2%。
15123,6,12,0,1,480,0,0,通用,寒气攻击提高4.8%。
15124,6,12,0,1,640,0,0,通用,寒气攻击提高6.4%。
15125,6,12,0,1,800,0,0,通用,寒气攻击提高8.0%。
15126,6,12,0,1,960,0,0,通用,寒气攻击提高9.6%。
15127,6,12,0,1,1120,0,0,通用,寒气攻击提高11.2%。
15128,6,12,0,1,1280,0,0,通用,寒气攻击提高12.8%。
15129,6,12,0,1,1440,0,0,通用,寒气攻击提高14.4%。
15130,6,12,0,1,1600,0,0,通用,寒气攻击提高16%。
15131,6,13,0,1,160,0,0,通用,火焰攻击提高1.6%。
15132,6,13,0,1,320,0,0,通用,火焰攻击提高3.2%。
15133,6,13,0,1,480,0,0,通用,火焰攻击提高4.8%。
15134,6,13,0,1,640,0,0,通用,火焰攻击提高6.4%。
15135,6,13,0,1,800,0,0,通用,火焰攻击提高8.0%。
15136,6,13,0,1,960,0,0,通用,火焰攻击提高9.6%。
15137,6,13,0,1,1120,0,0,通用,火焰攻击提高11.2%。
15138,6,13,0,1,1280,0,0,通用,火焰攻击提高12.8%。
15139,6,13,0,1,1440,0,0,通用,火焰攻击提高14.4%。
15140,6,13,0,1,1600,0,0,通用,火焰攻击提高16%。
15141,6,14,0,1,160,0,0,通用,毒素攻击提高1.6%。
15142,6,14,0,1,320,0,0,通用,毒素攻击提高3.2%。
15143,6,14,0,1,480,0,0,通用,毒素攻击提高4.8%。
15144,6,14,0,1,640,0,0,通用,毒素攻击提高6.4%。
15145,6,14,0,1,800,0,0,通用,毒素攻击提高8.0%。
15146,6,14,0,1,960,0,0,通用,毒素攻击提高9.6%。
15147,6,14,0,1,1120,0,0,通用,毒素攻击提高11.2%。
15148,6,14,0,1,1280,0,0,通用,毒素攻击提高12.8%。
15149,6,14,0,1,1440,0,0,通用,毒素攻击提高14.4%。
15150,6,14,0,1,1600,0,0,通用,毒素攻击提高16%。
15151,6,15,0,1,160,0,0,通用,雷电攻击提高1.6%。
15152,6,15,0,1,320,0,0,通用,雷电攻击提高3.2%。
15153,6,15,0,1,480,0,0,通用,雷电攻击提高4.8%。
15154,6,15,0,1,640,0,0,通用,雷电攻击提高6.4%。
15155,6,15,0,1,800,0,0,通用,雷电攻击提高8.0%。
15156,6,15,0,1,960,0,0,通用,雷电攻击提高9.6%。
15157,6,15,0,1,1120,0,0,通用,雷电攻击提高11.2%。
15158,6,15,0,1,1280,0,0,通用,雷电攻击提高12.8%。
15159,6,15,0,1,1440,0,0,通用,雷电攻击提高14.4%。
15160,6,15,0,1,1600,0,0,通用,雷电攻击提高16%。
15161,6,16,0,1,160,0,0,通用,寒气抵抗提高1.6%。
15162,6,16,0,1,320,0,0,通用,寒气抵抗提高3.2%。
15163,6,16,0,1,480,0,0,通用,寒气抵抗提高4.8%。
15164,6,16,0,1,640,0,0,通用,寒气抵抗提高6.4%。
15165,6,16,0,1,800,0,0,通用,寒气抵抗提高8.0%。
15166,6,16,0,1,960,0,0,通用,寒气抵抗提高9.6%。
15167,6,16,0,1,1120,0,0,通用,寒气抵抗提高11.2%。
15168,6,16,0,1,1280,0,0,通用,寒气抵抗提高12.8%。
15169,6,16,0,1,1440,0,0,通用,寒气抵抗提高14.4%。
15170,6,16,0,1,1600,0,0,通用,寒气抵抗提高16%。
15171,6,17,0,1,160,0,0,通用,火焰抵抗提高1.6%。
15172,6,17,0,1,320,0,0,通用,火焰抵抗提高3.2%。
15173,6,17,0,1,480,0,0,通用,火焰抵抗提高4.8%。
15174,6,17,0,1,640,0,0,通用,火焰抵抗提高6.4%。
15175,6,17,0,1,800,0,0,通用,火焰抵抗提高8.0%。
15176,6,17,0,1,960,0,0,通用,火焰抵抗提高9.6%。
15177,6,17,0,1,1120,0,0,通用,火焰抵抗提高11.2%。
15178,6,17,0,1,1280,0,0,通用,火焰抵抗提高12.8%。
15179,6,17,0,1,1440,0,0,通用,火焰抵抗提高14.4%。
15180,6,17,0,1,1600,0,0,通用,火焰抵抗提高16%。
15181,6,18,0,1,160,0,0,通用,毒素抵抗提高1.6%。
15182,6,18,0,1,320,0,0,通用,毒素抵抗提高3.2%。
15183,6,18,0,1,480,0,0,通用,毒素抵抗提高4.8%。
15184,6,18,0,1,640,0,0,通用,毒素抵抗提高6.4%。
15185,6,18,0,1,800,0,0,通用,毒素抵抗提高8.0%。
15186,6,18,0,1,960,0,0,通用,毒素抵抗提高9.6%。
15187,6,18,0,1,1120,0,0,通用,毒素抵抗提高11.2%。
15188,6,18,0,1,1280,0,0,通用,毒素抵抗提高12.8%。
15189,6,18,0,1,1440,0,0,通用,毒素抵抗提高14.4%。
15190,6,18,0,1,1600,0,0,通用,毒素抵抗提高16%。
15191,6,19,0,1,160,0,0,通用,雷电抵抗提高1.6%。
15192,6,19,0,1,320,0,0,通用,雷电抵抗提高3.2%。
15193,6,19,0,1,480,0,0,通用,雷电抵抗提高4.8%。
15194,6,19,0,1,640,0,0,通用,雷电抵抗提高6.4%。
15195,6,19,0,1,800,0,0,通用,雷电抵抗提高8.0%。
15196,6,19,0,1,960,0,0,通用,雷电抵抗提高9.6%。
15197,6,19,0,1,1120,0,0,通用,雷电抵抗提高11.2%。
15198,6,19,0,1,1280,0,0,通用,雷电抵抗提高12.8%。
15199,6,19,0,1,1440,0,0,通用,雷电抵抗提高14.4%。
15200,6,19,0,1,1600,0,0,通用,雷电抵抗提高16%。
15201,6,31,0,0,160,0,0,通用,穿透提高1.6%。
15202,6,31,0,0,320,0,0,通用,穿透提高3.2%。
15203,6,31,0,0,480,0,0,通用,穿透提高4.8%。
15204,6,31,0,0,640,0,0,通用,穿透提高6.4%。
15205,6,31,0,0,800,0,0,通用,穿透提高8.0%。
15206,6,31,0,0,960,0,0,通用,穿透提高9.6%。
15207,6,31,0,0,1120,0,0,通用,穿透提高11.2%。
15208,6,31,0,0,1280,0,0,通用,穿透提高12.8%。
15209,6,31,0,0,1440,0,0,通用,穿透提高14.4%。
15210,6,31,0,0,1600,0,0,通用,穿透提高16%。
15211,6,21,0,1,160,0,0,通用,命中提高1.6%。
15212,6,21,0,1,320,0,0,通用,命中提高3.2%。
15213,6,21,0,1,480,0,0,通用,命中提高4.8%。
15214,6,21,0,1,640,0,0,通用,命中提高6.4%。
15215,6,21,0,1,800,0,0,通用,命中提高8.0%。
15216,6,21,0,1,960,0,0,通用,命中提高9.6%。
15217,6,21,0,1,1120,0,0,通用,命中提高11.2%。
15218,6,21,0,1,1280,0,0,通用,命中提高12.8%。
15219,6,21,0,1,1440,0,0,通用,命中提高14.4%。
15220,6,21,0,1,1600,0,0,通用,命中提高16%。
15221,6,22,0,1,160,0,0,通用,闪避提高1.6%。
15222,6,22,0,1,320,0,0,通用,闪避提高3.2%。
15223,6,22,0,1,480,0,0,通用,闪避提高4.8%。
15224,6,22,0,1,640,0,0,通用,闪避提高6.4%。
15225,6,22,0,1,800,0,0,通用,闪避提高8.0%。
15226,6,22,0,1,960,0,0,通用,闪避提高9.6%。
15227,6,22,0,1,1120,0,0,通用,闪避提高11.2%。
15228,6,22,0,1,1280,0,0,通用,闪避提高12.8%。
15229,6,22,0,1,1440,0,0,通用,闪避提高14.4%。
15230,6,22,0,1,1600,0,0,通用,闪避提高16%。
15231,6,23,0,1,160,0,0,通用,暴击提高1.6%。
15232,6,23,0,1,320,0,0,通用,暴击提高3.2%。
15233,6,23,0,1,480,0,0,通用,暴击提高4.8%。
15234,6,23,0,1,640,0,0,通用,暴击提高6.4%。
15235,6,23,0,1,800,0,0,通用,暴击提高8.0%。
15236,6,23,0,1,960,0,0,通用,暴击提高9.6%。
15237,6,23,0,1,1120,0,0,通用,暴击提高11.2%。
15238,6,23,0,1,1280,0,0,通用,暴击提高12.8%。
15239,6,23,0,1,1440,0,0,通用,暴击提高14.4%。
15240,6,23,0,1,1600,0,0,通用,暴击提高16%。
15241,6,24,0,1,160,0,0,通用,韧性提高1.6%。
15242,6,24,0,1,320,0,0,通用,韧性提高3.2%。
15243,6,24,0,1,480,0,0,通用,韧性提高4.8%。
15244,6,24,0,1,640,0,0,通用,韧性提高6.4%。
15245,6,24,0,1,800,0,0,通用,韧性提高8.0%。
15246,6,24,0,1,960,0,0,通用,韧性提高9.6%。
15247,6,24,0,1,1120,0,0,通用,韧性提高11.2%。
15248,6,24,0,1,1280,0,0,通用,韧性提高12.8%。
15249,6,24,0,1,1440,0,0,通用,韧性提高14.4%。
15250,6,24,0,1,1600,0,0,通用,韧性提高16%。
15251,6,25,0,1,160,0,0,通用,暴击伤害提高1.6%。
15252,6,25,0,1,320,0,0,通用,暴击伤害提高3.2%。
15253,6,25,0,1,480,0,0,通用,暴击伤害提高4.8%。
15254,6,25,0,1,640,0,0,通用,暴击伤害提高6.4%。
15255,6,25,0,1,800,0,0,通用,暴击伤害提高8.0%。
15256,6,25,0,1,960,0,0,通用,暴击伤害提高9.6%。
15257,6,25,0,1,1120,0,0,通用,暴击伤害提高11.2%。
15258,6,25,0,1,1280,0,0,通用,暴击伤害提高12.8%。
15259,6,25,0,1,1440,0,0,通用,暴击伤害提高14.4%。
15260,6,25,0,1,1600,0,0,通用,暴击伤害提高16%。
15261,6,26,0,1,160,0,0,通用,暴击防御提高1.6%。
15262,6,26,0,1,320,0,0,通用,暴击防御提高3.2%。
15263,6,26,0,1,480,0,0,通用,暴击防御提高4.8%。
15264,6,26,0,1,640,0,0,通用,暴击防御提高6.4%。
15265,6,26,0,1,800,0,0,通用,暴击防御提高8.0%。
15266,6,26,0,1,960,0,0,通用,暴击防御提高9.6%。
15267,6,26,0,1,1120,0,0,通用,暴击防御提高11.2%。
15268,6,26,0,1,1280,0,0,通用,暴击防御提高12.8%。
15269,6,26,0,1,1440,0,0,通用,暴击防御提高14.4%。
15270,6,26,0,1,1600,0,0,通用,暴击防御提高16%。
15301,6,30,0,1,160,0,0,通用,移动加速提高1.6%。
15302,6,30,0,1,320,0,0,通用,移动加速提高3.2%。
15303,6,30,0,1,480,0,0,通用,移动加速提高4.8%。
15304,6,30,0,1,640,0,0,通用,移动加速提高6.4%。
15305,6,30,0,1,800,0,0,通用,移动加速提高8.0%。
15306,6,30,0,1,960,0,0,通用,移动加速提高9.6%。
15307,6,30,0,1,1120,0,0,通用,移动加速提高11.2%。
15308,6,30,0,1,1280,0,0,通用,移动加速提高12.8%。
15309,6,30,0,1,1440,0,0,通用,移动加速提高14.4%。
15310,6,30,0,1,1600,0,0,通用,移动加速提高16%。
15381,6,38,0,0,1,0,0,通用,能量提高1点。
15382,6,38,0,0,2,0,0,通用,能量提高2点。
15383,6,38,0,0,3,0,0,通用,能量提高3点。
15384,6,38,0,0,4,0,0,通用,能量提高4点。
15385,6,38,0,0,5,0,0,通用,能量提高5点。
15386,6,38,0,0,6,0,0,通用,能量提高6点。
15387,6,38,0,0,7,0,0,通用,能量提高7点。
15388,6,38,0,0,8,0,0,通用,能量提高8点。
15389,6,38,0,0,9,0,0,通用,能量提高9点。
15390,6,38,0,0,10,0,0,通用,能量提高10点。
50001,6,5,0,1,100000,0,0,测试,生命上限提高1000%
50002,6,34,0,0,20000,0,0,测试,暴击率提高200%
50003,2,0,3,10000,0,0,0,测试,恢复100%生命值
50004,2,0,4,10000,0,0,0,测试,恢复100%SP
