ID,LevelID,Index,MonsterTemplateID
1,100301,1,500104
2,11011,1,100111
3,11011,2,100111
4,11011,3,100111
5,11011,4,100111
6,11011,5,100111
7,11011,6,100111
8,11011,7,100102
9,11011,8,100102
10,11011,9,100102
11,11011,10,100102
12,11011,11,100111
13,11011,12,100111
14,11011,13,100111
15,11011,14,100111
16,11011,15,100111
17,11011,16,100111
18,11011,17,100111
19,11011,18,100111
20,11011,19,100101
21,11011,20,100101
22,11011,21,100101
23,11011,22,100111
24,11011,23,100111
25,11011,24,100131
26,11012,25,200111
27,11012,26,200111
28,11012,27,200111
29,11012,28,200111
30,11012,29,200111
31,11012,30,200111
32,11012,31,200102
33,11012,32,200102
34,11012,33,200102
35,11012,34,200102
36,11012,35,200111
37,11012,36,200111
38,11012,37,200111
39,11012,38,200111
40,11012,39,200111
41,11012,40,200111
42,11012,41,200111
43,11012,42,200111
44,11012,43,200101
45,11012,44,200101
46,11012,45,200101
47,11012,46,200111
48,11012,47,200111
49,11012,48,200131
50,11013,49,300111
51,11013,50,300111
52,11013,51,300111
53,11013,52,300111
54,11013,53,300111
55,11013,54,300111
56,11013,55,300102
57,11013,56,300102
58,11013,57,300102
59,11013,58,300102
60,11013,59,300111
61,11013,60,300111
62,11013,61,300111
63,11013,62,300111
64,11013,63,300111
65,11013,64,300111
66,11013,65,300111
67,11013,66,300111
68,11013,67,300101
69,11013,68,300101
70,11013,69,300101
71,11013,70,300111
72,11013,71,300111
73,11013,72,100131
74,11021,1,100211
75,11021,2,100211
76,11021,3,100211
77,11021,4,100211
78,11021,5,100211
79,11021,6,100211
80,11021,7,100211
81,11021,8,100222
82,11021,9,100201
83,11021,10,100201
84,11021,11,100201
85,11021,12,100211
86,11021,13,100211
87,11021,14,100211
88,11021,15,100211
89,11021,16,100211
90,11021,17,100211
91,11021,18,100211
92,11021,19,100201
93,11021,20,100201
94,11021,21,100201
95,11021,22,100201
96,11021,23,100201
97,11021,24,100211
98,11021,25,100211
99,11021,26,100222
100,11021,27,100211
101,11021,28,100211
102,11021,29,100211
103,11021,30,100211
104,11021,31,100211
105,11021,32,100211
106,11021,33,100211
107,11021,34,100231
108,11021,35,1002
109,11021,36,1001
110,11021,37,1001
111,11021,38,1002
112,11022,39,200211
113,11022,40,200211
114,11022,41,200211
115,11022,42,200211
116,11022,43,200211
117,11022,44,200211
118,11022,45,200211
119,11022,46,200222
120,11022,47,200201
121,11022,48,200201
122,11022,49,200201
123,11022,50,200211
124,11022,51,200211
125,11022,52,200211
126,11022,53,200211
127,11022,54,200211
128,11022,55,200211
129,11022,56,200211
130,11022,57,200201
131,11022,58,200201
132,11022,59,200201
133,11022,60,200201
134,11022,61,200201
135,11022,62,200211
136,11022,63,200211
137,11022,64,200222
138,11022,65,200211
139,11022,66,200211
140,11022,67,200211
141,11022,68,200211
142,11022,69,200211
143,11022,70,200211
144,11022,71,200211
145,11022,72,200231
146,11022,73,1002
147,11022,74,1001
148,11022,75,1001
149,11022,76,1002
150,11023,77,300211
151,11023,78,300211
152,11023,79,300211
153,11023,80,300211
154,11023,81,300211
155,11023,82,300211
156,11023,83,300211
157,11023,84,300222
158,11023,85,300201
159,11023,86,300201
160,11023,87,300201
161,11023,88,300211
162,11023,89,300211
163,11023,90,300211
164,11023,91,300211
165,11023,92,300211
166,11023,93,300211
167,11023,94,300211
168,11023,95,300201
169,11023,96,300201
170,11023,97,300201
171,11023,98,300201
172,11023,99,300201
173,11023,100,300211
174,11023,101,300211
175,11023,102,300222
176,11023,103,300211
177,11023,104,300211
178,11023,105,300211
179,11023,106,300211
180,11023,107,300211
181,11023,108,300211
182,11023,109,300211
183,11023,110,300231
184,11023,111,1002
185,11023,112,1001
186,11023,113,1001
187,11023,114,1002
188,11031,12,100302
189,11031,1,100302
190,11031,2,100302
191,11031,3,100302
192,11031,4,100302
193,11031,5,100302
194,11031,6,100302
195,11031,7,100302
196,11031,8,100302
197,11031,9,100302
198,11031,10,100302
199,11031,11,100302
200,11031,13,100311
201,11031,14,100311
202,11031,15,100311
203,11031,16,100311
204,11031,17,100311
205,11031,18,100311
206,11031,19,100311
207,11031,20,100311
208,11031,21,100311
209,11031,22,100311
210,11031,23,100311
211,11031,24,100321
212,11031,28,100301
213,11031,29,100301
214,11031,30,100301
215,11031,31,100301
216,11031,32,100301
217,11031,33,100301
218,11031,34,100301
219,11031,35,100301
220,11031,25,100311
221,11031,26,100311
222,11031,27,100311
223,11031,38,100311
224,11031,39,100312
225,11031,36,100311
226,11031,37,100311
227,11031,40,100311
228,11031,41,100311
229,11031,42,100311
230,11031,46,100312
231,11031,43,100312
232,11031,44,100312
233,11031,45,100312
234,11031,47,100331
235,11031,48,100313
236,11031,49,100313
237,11031,50,100322
238,11031,51,1001
239,11031,52,1002
240,11031,53,1001
241,11031,54,1002
242,11032,56,200302
243,11032,57,200302
244,11032,58,200302
245,11032,59,200302
246,11032,60,200302
247,11032,61,200302
248,11032,62,200302
249,11032,63,200302
250,11032,64,200302
251,11032,65,200302
252,11032,66,200302
253,11032,55,200302
254,11032,68,200311
255,11032,69,200311
256,11032,70,200311
257,11032,67,200311
258,11032,73,200311
259,11032,74,200311
260,11032,71,200311
261,11032,72,200311
262,11032,77,200311
263,11032,75,200311
264,11032,76,200311
265,11032,78,200321
266,11032,81,200311
267,11032,82,200301
268,11032,83,200301
269,11032,84,200301
270,11032,85,200301
271,11032,86,200301
272,11032,87,200301
273,11032,88,200301
274,11032,89,200301
275,11032,79,200311
276,11032,80,200311
277,11032,92,200311
278,11032,93,200312
279,11032,90,200311
280,11032,91,200311
281,11032,94,200311
282,11032,95,200311
283,11032,96,200311
284,11032,99,200312
285,11032,100,200312
286,11032,97,200312
287,11032,98,200312
288,11032,101,200331
289,11032,103,200313
290,11032,104,200322
291,11032,102,200313
292,11032,106,1002
293,11032,107,1001
294,11032,108,1002
295,11032,105,1001
296,11033,110,300302
297,11033,111,300302
298,11033,112,300302
299,11033,113,300302
300,11033,114,300302
301,11033,115,300302
302,11033,116,300302
303,11033,117,300302
304,11033,118,300302
305,11033,119,300302
306,11033,120,300302
307,11033,109,300302
308,11033,123,300311
309,11033,124,300311
310,11033,121,300311
311,11033,122,300311
312,11033,126,300311
313,11033,127,300311
314,11033,128,300311
315,11033,125,300311
316,11033,129,300311
317,11033,130,300311
318,11033,131,300311
319,11033,132,300321
320,11033,134,300311
321,11033,135,300311
322,11033,136,300301
323,11033,137,300301
324,11033,138,300301
325,11033,139,300301
326,11033,140,300301
327,11033,141,300301
328,11033,142,300301
329,11033,143,300301
330,11033,133,300311
331,11033,146,300311
332,11033,147,300312
333,11033,144,300311
334,11033,145,300311
335,11033,149,300311
336,11033,150,300311
337,11033,148,300311
338,11033,152,300312
339,11033,153,300312
340,11033,154,300312
341,11033,151,300312
342,11033,155,300331
343,11033,157,300313
344,11033,158,300322
345,11033,156,300313
346,11033,161,1001
347,11033,162,1002
348,11033,159,1001
349,11033,160,1002
350,11041,1,100411
351,11041,2,100411
352,11041,3,100411
353,11041,4,100411
354,11041,5,100411
355,11041,6,100411
356,11041,7,100411
357,11041,8,100411
358,11041,9,100411
359,11041,10,100411
360,11041,11,100412
361,11041,12,100412
362,11041,13,100412
363,11041,14,100411
364,11041,15,100411
365,11041,16,100411
366,11041,17,100413
367,11041,18,100401
368,11041,19,100401
369,11041,20,100401
370,11041,21,100401
371,11041,22,100401
372,11041,23,100401
373,11041,24,100401
374,11041,25,100401
375,11041,26,100401
376,11041,27,100413
377,11041,28,100411
378,11041,29,100411
379,11041,30,100411
380,11041,31,100421
381,11041,32,100412
382,11041,33,100412
383,11041,34,100413
384,11041,35,100413
385,11041,36,1001
386,11041,37,1002
387,11041,38,1001
388,11041,39,1002
389,11042,40,200411
390,11042,41,200411
391,11042,42,200411
392,11042,43,200411
393,11042,44,200411
394,11042,45,200411
395,11042,46,200411
396,11042,47,200411
397,11042,48,200411
398,11042,49,200411
399,11042,50,200412
400,11042,51,200412
401,11042,52,200412
402,11042,53,200411
403,11042,54,200411
404,11042,55,200411
405,11042,56,200413
406,11042,57,200401
407,11042,58,200401
408,11042,59,200401
409,11042,60,200401
410,11042,61,200401
411,11042,62,200401
412,11042,63,200401
413,11042,64,200401
414,11042,65,200401
415,11042,66,200413
416,11042,67,200411
417,11042,68,200411
418,11042,69,200411
419,11042,70,200421
420,11042,71,200412
421,11042,72,200412
422,11042,73,200413
423,11042,74,200413
424,11042,75,1001
425,11042,76,1002
426,11042,77,1001
427,11042,78,1002
428,11043,79,300411
429,11043,80,300411
430,11043,81,300411
431,11043,82,300411
432,11043,83,300411
433,11043,84,300411
434,11043,85,300411
435,11043,86,300411
436,11043,87,300411
437,11043,88,300411
438,11043,89,300412
439,11043,90,300412
440,11043,91,300412
441,11043,92,300411
442,11043,93,300411
443,11043,94,300411
444,11043,95,300413
445,11043,96,300401
446,11043,97,300401
447,11043,98,300401
448,11043,99,300401
449,11043,100,300401
450,11043,101,300401
451,11043,102,300401
452,11043,103,300401
453,11043,104,300401
454,11043,105,300413
455,11043,106,300411
456,11043,107,300411
457,11043,108,300411
458,11043,109,300421
459,11043,110,300412
460,11043,111,300412
461,11043,112,300413
462,11043,113,300413
463,11043,114,1001
464,11043,115,1002
465,11043,116,1001
466,11043,117,1002
467,11051,1,100511
468,11051,2,100511
469,11051,3,100511
470,11051,4,100511
471,11051,5,100512
472,11051,6,100512
473,11051,7,100512
474,11051,8,100512
475,11051,9,100501
476,11051,10,100501
477,11051,11,100501
478,11051,12,100501
479,11051,13,100501
480,11051,14,100501
481,11051,15,100501
482,11051,16,100501
483,11051,17,100501
484,11051,18,100513
485,11051,19,100511
486,11051,20,100511
487,11051,21,100511
488,11051,22,100512
489,11051,23,100512
490,11051,24,100512
491,11051,25,100512
492,11051,26,100513
493,11051,27,100511
494,11051,28,100511
495,11051,29,100511
496,11051,30,100511
497,11051,31,100511
498,11051,32,100511
499,11051,33,100511
500,11051,34,100512
501,11051,35,100512
502,11051,36,100512
503,11051,37,100512
504,11051,38,100502
505,11051,39,100502
506,11051,40,100502
507,11051,41,100502
508,11051,42,100502
509,11051,44,100502
510,11051,45,100502
511,11051,46,100502
512,11051,47,100502
513,11051,58,100513
514,11051,59,100513
515,11051,48,100501
516,11051,49,100501
517,11051,50,100501
518,11051,51,100501
519,11051,52,100501
520,11051,53,100501
521,11051,54,100501
522,11051,56,100501
523,11051,61,100531
524,11051,64,1002
525,11051,65,1002
526,11051,62,1002
527,11051,63,1001
528,11052,1,200511
529,11052,2,200511
530,11052,3,200511
531,11052,4,200511
532,11052,5,200512
533,11052,6,200512
534,11052,7,200512
535,11052,8,200512
536,11052,9,200501
537,11052,10,200501
538,11052,11,200501
539,11052,12,200501
540,11052,13,200501
541,11052,14,200501
542,11052,15,200501
543,11052,16,200501
544,11052,17,200501
545,11052,18,200513
546,11052,19,200511
547,11052,20,200511
548,11052,21,200511
549,11052,22,200512
550,11052,23,200512
551,11052,24,200512
552,11052,25,200512
553,11052,26,200513
554,11052,27,200511
555,11052,28,200511
556,11052,29,200511
557,11052,30,200511
558,11052,31,200511
559,11052,32,200511
560,11052,33,200511
561,11052,34,200512
562,11052,35,200512
563,11052,36,200512
564,11052,37,200512
565,11052,38,200502
566,11052,39,200502
567,11052,40,200502
568,11052,41,200502
569,11052,42,200502
570,11052,44,200502
571,11052,45,200502
572,11052,46,200502
573,11052,47,200502
574,11052,58,200513
575,11052,59,200513
576,11052,48,200501
577,11052,49,200501
578,11052,50,200501
579,11052,51,200501
580,11052,52,200501
581,11052,53,200501
582,11052,54,200501
583,11052,56,200501
584,11052,61,200531
585,11052,64,1002
586,11052,65,1002
587,11052,62,1002
588,11052,63,1001
589,11053,1,300511
590,11053,2,300511
591,11053,3,300511
592,11053,4,300511
593,11053,5,300512
594,11053,6,300512
595,11053,7,300512
596,11053,8,300512
597,11053,9,300501
598,11053,10,300501
599,11053,11,300501
600,11053,12,300501
601,11053,13,300501
602,11053,14,300501
603,11053,15,300501
604,11053,16,300501
605,11053,17,300501
606,11053,18,300513
607,11053,19,300511
608,11053,20,300511
609,11053,21,300511
610,11053,22,300512
611,11053,23,300512
612,11053,24,300512
613,11053,25,300512
614,11053,26,300513
615,11053,27,300511
616,11053,28,300511
617,11053,29,300511
618,11053,30,300511
619,11053,31,300511
620,11053,32,300511
621,11053,33,300511
622,11053,34,300512
623,11053,35,300512
624,11053,36,300512
625,11053,37,300512
626,11053,38,300502
627,11053,39,300502
628,11053,40,300502
629,11053,41,300502
630,11053,42,300502
631,11053,44,300502
632,11053,45,300502
633,11053,46,300502
634,11053,47,300502
635,11053,58,300513
636,11053,59,300513
637,11053,48,300501
638,11053,49,300501
639,11053,50,300501
640,11053,51,300501
641,11053,52,300501
642,11053,53,300501
643,11053,54,300501
644,11053,56,300501
645,11053,61,300531
646,11053,64,1002
647,11053,65,1002
648,11053,62,1002
649,11053,63,1001
650,11061,1,100611
651,11061,2,100611
652,11061,3,100611
653,11061,4,100611
654,11061,5,100612
655,11061,6,100612
656,11061,7,100612
657,11061,8,100612
658,11061,9,100611
659,11061,12,100611
660,11061,10,100611
661,11061,11,100611
662,11061,13,100612
663,11061,14,100612
664,11061,15,100612
665,11061,16,100611
666,11061,17,100611
667,11061,18,100611
668,11061,19,100611
669,11061,20,100612
670,11061,21,100612
671,11061,22,100612
672,11061,23,100612
673,11061,33,100601
674,11061,34,100601
675,11061,35,100601
676,11061,36,100601
677,11061,24,100601
678,11061,25,100601
679,11061,26,100601
680,11061,27,100601
681,11061,28,100601
682,11061,29,100601
683,11061,30,100601
684,11061,31,100601
685,11061,32,100601
686,11061,37,100611
687,11061,38,100611
688,11061,39,100611
689,11061,40,100602
690,11061,41,100602
691,11061,42,100602
692,11061,43,100602
693,11061,44,100602
694,11061,45,100602
695,11061,46,100602
696,11061,47,100602
697,11061,48,100602
698,11061,49,100602
699,11061,50,100611
700,11061,51,100611
701,11061,52,100611
702,11061,53,100631
703,11061,56,1002
704,11061,57,1002
705,11061,54,1002
706,11061,55,1001
707,11062,1,200611
708,11062,2,200611
709,11062,3,200611
710,11062,4,200611
711,11062,5,200612
712,11062,6,200612
713,11062,7,200612
714,11062,8,200612
715,11062,9,200611
716,11062,12,200611
717,11062,10,200611
718,11062,11,200611
719,11062,13,200612
720,11062,14,200612
721,11062,15,200612
722,11062,16,200611
723,11062,17,200611
724,11062,18,200611
725,11062,19,200611
726,11062,20,200612
727,11062,21,200612
728,11062,22,200612
729,11062,23,200612
730,11062,33,200601
731,11062,34,200601
732,11062,35,200601
733,11062,36,200601
734,11062,24,200601
735,11062,25,200601
736,11062,26,200601
737,11062,27,200601
738,11062,28,200601
739,11062,29,200601
740,11062,30,200601
741,11062,31,200601
742,11062,32,200601
743,11062,37,200611
744,11062,38,200611
745,11062,39,200611
746,11062,40,200602
747,11062,41,200602
748,11062,42,200602
749,11062,43,200602
750,11062,44,200602
751,11062,45,200602
752,11062,46,200602
753,11062,47,200602
754,11062,48,200602
755,11062,49,200602
756,11062,50,200611
757,11062,51,200611
758,11062,52,200611
759,11062,53,200631
760,11062,56,1002
761,11062,57,1002
762,11062,54,1002
763,11062,55,1001
764,11063,1,300611
765,11063,2,300611
766,11063,3,300611
767,11063,4,300611
768,11063,5,300612
769,11063,6,300612
770,11063,7,300612
771,11063,8,300612
772,11063,9,300611
773,11063,12,300611
774,11063,10,300611
775,11063,11,300611
776,11063,13,300612
777,11063,14,300612
778,11063,15,300612
779,11063,16,300611
780,11063,17,300611
781,11063,18,300611
782,11063,19,300611
783,11063,20,300612
784,11063,21,300612
785,11063,22,300612
786,11063,23,300612
787,11063,33,300601
788,11063,34,300601
789,11063,35,300601
790,11063,36,300601
791,11063,24,300601
792,11063,25,300601
793,11063,26,300601
794,11063,27,300601
795,11063,28,300601
796,11063,29,300601
797,11063,30,300601
798,11063,31,300601
799,11063,32,300601
800,11063,37,300611
801,11063,38,300611
802,11063,39,300611
803,11063,40,300602
804,11063,41,300602
805,11063,42,300602
806,11063,43,300602
807,11063,44,300602
808,11063,45,300602
809,11063,46,300602
810,11063,47,300602
811,11063,48,300602
812,11063,49,300602
813,11063,50,300611
814,11063,51,300611
815,11063,52,300611
816,11063,53,300631
817,11063,56,1002
818,11063,57,1002
819,11063,54,1002
820,11063,55,1001
821,12011,1,100712
822,12011,2,100712
823,12011,3,100712
824,12011,4,100712
825,12011,5,100712
826,12011,6,100712
827,12011,7,100711
828,12011,8,100711
829,12011,9,100711
830,12011,10,100711
831,12011,11,100701
832,12011,12,100701
833,12011,13,100701
834,12011,14,100701
835,12011,15,100701
836,12011,16,100701
837,12011,17,100711
838,12011,18,100711
839,12011,19,100711
840,12011,20,100711
841,12011,21,100711
842,12011,22,100712
843,12011,23,100712
844,12011,24,100712
845,12011,25,100712
846,12011,26,100712
847,12011,27,100712
848,12011,28,100712
849,12011,29,100712
850,12011,30,100711
851,12011,31,100711
852,12011,32,100711
853,12011,33,100711
854,12011,34,100711
855,12011,35,100711
856,12011,36,100711
857,12011,37,100711
858,12011,38,100731
859,12011,39,1001
860,12011,40,1002
861,12011,41,1001
862,12011,42,1002
863,12012,43,200712
864,12012,44,200712
865,12012,45,200712
866,12012,46,200712
867,12012,47,200712
868,12012,48,200712
869,12012,49,200711
870,12012,50,200711
871,12012,51,200711
872,12012,52,200711
873,12012,53,200701
874,12012,54,200701
875,12012,55,200701
876,12012,56,200701
877,12012,57,200701
878,12012,58,200701
879,12012,59,200711
880,12012,60,200711
881,12012,61,200711
882,12012,62,200711
883,12012,63,200711
884,12012,64,200712
885,12012,65,200712
886,12012,66,200712
887,12012,67,200712
888,12012,68,200712
889,12012,69,200712
890,12012,70,200712
891,12012,71,200712
892,12012,72,200711
893,12012,73,200711
894,12012,74,200711
895,12012,75,200711
896,12012,76,200711
897,12012,77,200711
898,12012,78,200711
899,12012,79,200711
900,12012,80,200731
901,12012,81,1001
902,12012,82,1002
903,12012,83,1001
904,12012,84,1002
905,12013,85,300712
906,12013,86,300712
907,12013,87,300712
908,12013,88,300712
909,12013,89,300712
910,12013,90,300712
911,12013,91,300711
912,12013,92,300711
913,12013,93,300711
914,12013,94,300711
915,12013,95,300701
916,12013,96,300701
917,12013,97,300701
918,12013,98,300701
919,12013,99,300701
920,12013,100,300701
921,12013,101,300711
922,12013,102,300711
923,12013,103,300711
924,12013,104,300711
925,12013,105,300711
926,12013,106,300712
927,12013,107,300712
928,12013,108,300712
929,12013,109,300712
930,12013,110,300712
931,12013,111,300712
932,12013,112,300712
933,12013,113,300712
934,12013,114,300711
935,12013,115,300711
936,12013,116,300711
937,12013,117,300711
938,12013,118,300711
939,12013,119,300711
940,12013,120,300711
941,12013,121,300711
942,12013,122,300731
943,12013,123,1001
944,12013,124,1002
945,12013,125,1001
946,12013,126,1002
947,12021,1,100811
948,12021,2,100811
949,12021,3,100811
950,12021,4,100811
951,12021,5,100811
952,12021,6,100812
953,12021,7,100812
954,12021,8,100812
955,12021,9,100812
956,12021,10,100812
957,12021,11,100812
958,12021,12,100801
959,12021,13,100801
960,12021,14,100801
961,12021,15,100801
962,12021,16,100801
963,12021,17,100801
964,12021,18,100801
965,12021,19,100801
966,12021,20,100801
967,12021,21,100801
968,12021,22,100801
969,12021,23,100801
970,12021,24,100812
971,12021,25,100812
972,12021,26,100812
973,12021,27,100812
974,12021,28,100812
975,12021,29,100812
976,12021,30,100812
977,12021,31,100811
978,12021,32,100811
979,12021,33,100811
980,12021,34,100811
981,12021,35,100811
982,12021,36,100802
983,12021,37,100802
984,12021,38,100802
985,12021,39,100802
986,12021,40,100802
987,12021,41,100802
988,12021,42,100802
989,12021,43,100802
990,12021,44,100802
991,12021,45,100802
992,12021,46,100802
993,12021,47,100802
994,12021,48,100802
995,12021,49,100802
996,12021,50,100802
997,12021,51,100802
998,12021,52,100802
999,12021,53,100813
1000,12021,54,100813
1001,12021,55,100831
1002,12021,56,100811
1003,12021,57,100811
1004,12021,58,100811
1005,12021,59,100811
1006,12021,60,100811
1007,12021,61,100803
1008,12021,62,100803
1009,12021,63,100803
1010,12021,64,100803
1011,12021,65,100803
1012,12021,66,100803
1013,12021,67,100803
1014,12021,68,100803
1015,12021,69,1002
1016,12021,70,1001
1017,12021,71,1002
1018,12021,72,1001
1019,12022,73,200811
1020,12022,74,200811
1021,12022,75,200811
1022,12022,76,200811
1023,12022,77,200811
1024,12022,78,200812
1025,12022,79,200812
1026,12022,80,200812
1027,12022,81,200812
1028,12022,82,200812
1029,12022,83,200812
1030,12022,84,200801
1031,12022,85,200801
1032,12022,86,200801
1033,12022,87,200801
1034,12022,88,200801
1035,12022,89,200801
1036,12022,90,200801
1037,12022,91,200801
1038,12022,92,200801
1039,12022,93,200801
1040,12022,94,200801
1041,12022,95,200801
1042,12022,96,200812
1043,12022,97,200812
1044,12022,98,200812
1045,12022,99,200812
1046,12022,100,200812
1047,12022,101,200812
1048,12022,102,200812
1049,12022,103,200811
1050,12022,104,200811
1051,12022,105,200811
1052,12022,106,200811
1053,12022,107,200811
1054,12022,108,200802
1055,12022,109,200802
1056,12022,110,200802
1057,12022,111,200802
1058,12022,112,200802
1059,12022,113,200802
1060,12022,114,200802
1061,12022,115,200802
1062,12022,116,200802
1063,12022,117,200802
1064,12022,118,200802
1065,12022,119,200802
1066,12022,120,200802
1067,12022,121,200802
1068,12022,122,200802
1069,12022,123,200802
1070,12022,124,200802
1071,12022,125,200813
1072,12022,126,200813
1073,12022,127,200831
1074,12022,128,200811
1075,12022,129,200811
1076,12022,130,200811
1077,12022,131,200811
1078,12022,132,200811
1079,12022,133,200803
1080,12022,134,200803
1081,12022,135,200803
1082,12022,136,200803
1083,12022,137,200803
1084,12022,138,200803
1085,12022,139,200803
1086,12022,140,200803
1087,12022,141,1002
1088,12022,142,1001
1089,12022,143,1002
1090,12022,144,1001
1091,12023,145,300811
1092,12023,146,300811
1093,12023,147,300811
1094,12023,148,300811
1095,12023,149,300811
1096,12023,150,300812
1097,12023,151,300812
1098,12023,152,300812
1099,12023,153,300812
1100,12023,154,300812
1101,12023,155,300812
1102,12023,156,300801
1103,12023,157,300801
1104,12023,158,300801
1105,12023,159,300801
1106,12023,160,300801
1107,12023,161,300801
1108,12023,162,300801
1109,12023,163,300801
1110,12023,164,300801
1111,12023,165,300801
1112,12023,166,300801
1113,12023,167,300801
1114,12023,168,300812
1115,12023,169,300812
1116,12023,170,300812
1117,12023,171,300812
1118,12023,172,300812
1119,12023,173,300812
1120,12023,174,300812
1121,12023,175,300811
1122,12023,176,300811
1123,12023,177,300811
1124,12023,178,300811
1125,12023,179,300811
1126,12023,180,300802
1127,12023,181,300802
1128,12023,182,300802
1129,12023,183,300802
1130,12023,184,300802
1131,12023,185,300802
1132,12023,186,300802
1133,12023,187,300802
1134,12023,188,300802
1135,12023,189,300802
1136,12023,190,300802
1137,12023,191,300802
1138,12023,192,300802
1139,12023,193,300802
1140,12023,194,300802
1141,12023,195,300802
1142,12023,196,300802
1143,12023,197,300813
1144,12023,198,300813
1145,12023,199,300831
1146,12023,200,300811
1147,12023,201,300811
1148,12023,202,300811
1149,12023,203,300811
1150,12023,204,300811
1151,12023,205,300803
1152,12023,206,300803
1153,12023,207,300803
1154,12023,208,300803
1155,12023,209,300803
1156,12023,210,300803
1157,12023,211,300803
1158,12023,212,300803
1159,12023,213,1002
1160,12023,214,1001
1161,12023,215,1002
1162,12023,216,1001
1163,12031,1,100911
1164,12031,2,100911
1165,12031,3,100911
1166,12031,4,100901
1167,12031,5,100901
1168,12031,6,100901
1169,12031,7,100901
1170,12031,8,100901
1171,12031,9,100901
1172,12031,10,100912
1173,12031,11,100912
1174,12031,12,100911
1175,12031,13,100911
1176,12031,14,100911
1177,12031,15,100901
1178,12031,16,100901
1179,12031,17,100901
1180,12031,18,100912
1181,12031,19,100912
1182,12031,20,100912
1183,12031,21,100912
1184,12031,22,100901
1185,12031,23,100901
1186,12031,24,100901
1187,12031,25,100901
1188,12031,26,100901
1189,12031,27,100901
1190,12031,28,100912
1191,12031,29,100901
1192,12031,30,100901
1193,12031,31,100901
1194,12031,32,100901
1195,12031,33,100901
1196,12031,34,100901
1197,12031,35,100901
1198,12031,36,100901
1199,12031,37,100901
1200,12031,38,100912
1201,12031,39,100912
1202,12031,40,100912
1203,12031,41,100901
1204,12031,42,100901
1205,12031,43,100901
1206,12031,44,100901
1207,12031,45,100901
1208,12031,46,100912
1209,12031,47,100912
1210,12031,48,100931
1211,12031,49,100912
1212,12031,50,100912
1213,12031,51,100912
1214,12031,52,100912
1215,12031,53,1002
1216,12031,54,1001
1217,12031,55,1002
1218,12031,56,1002
1219,12031,57,1001
1220,12032,58,200911
1221,12032,59,200911
1222,12032,60,200911
1223,12032,61,200901
1224,12032,62,200901
1225,12032,63,200901
1226,12032,64,200901
1227,12032,65,200901
1228,12032,66,200901
1229,12032,67,200912
1230,12032,68,200912
1231,12032,69,200911
1232,12032,70,200911
1233,12032,71,200911
1234,12032,72,200901
1235,12032,73,200901
1236,12032,74,200901
1237,12032,75,200912
1238,12032,76,200912
1239,12032,77,200912
1240,12032,78,200912
1241,12032,79,200901
1242,12032,80,200901
1243,12032,81,200901
1244,12032,82,200901
1245,12032,83,200901
1246,12032,84,200901
1247,12032,85,200912
1248,12032,86,200901
1249,12032,87,200901
1250,12032,88,200901
1251,12032,89,200901
1252,12032,90,200901
1253,12032,91,200901
1254,12032,92,200901
1255,12032,93,200901
1256,12032,94,200901
1257,12032,95,200912
1258,12032,96,200912
1259,12032,97,200912
1260,12032,98,200901
1261,12032,99,200901
1262,12032,100,200901
1263,12032,101,200901
1264,12032,102,200901
1265,12032,103,200912
1266,12032,104,200912
1267,12032,105,200931
1268,12032,106,200912
1269,12032,107,200912
1270,12032,108,200912
1271,12032,109,200912
1272,12032,110,1002
1273,12032,111,1001
1274,12032,112,1002
1275,12032,113,1002
1276,12032,114,1001
1277,12033,115,300911
1278,12033,116,300911
1279,12033,117,300911
1280,12033,118,300901
1281,12033,119,300901
1282,12033,120,300901
1283,12033,121,300901
1284,12033,122,300901
1285,12033,123,300901
1286,12033,124,300912
1287,12033,125,300912
1288,12033,126,300911
1289,12033,127,300911
1290,12033,128,300911
1291,12033,129,300901
1292,12033,130,300901
1293,12033,131,300901
1294,12033,132,300912
1295,12033,133,300912
1296,12033,134,300912
1297,12033,135,300912
1298,12033,136,300901
1299,12033,137,300901
1300,12033,138,300901
1301,12033,139,300901
1302,12033,140,300901
1303,12033,141,300901
1304,12033,142,300912
1305,12033,143,300901
1306,12033,144,300901
1307,12033,145,300901
1308,12033,146,300901
1309,12033,147,300901
1310,12033,148,300901
1311,12033,149,300901
1312,12033,150,300901
1313,12033,151,300901
1314,12033,152,300912
1315,12033,153,300912
1316,12033,154,300912
1317,12033,155,300901
1318,12033,156,300901
1319,12033,157,300901
1320,12033,158,300901
1321,12033,159,300901
1322,12033,160,300912
1323,12033,161,300912
1324,12033,162,300931
1325,12033,163,300912
1326,12033,164,300912
1327,12033,165,300912
1328,12033,166,300912
1329,12033,167,1002
1330,12033,168,1001
1331,12033,169,1002
1332,12033,170,1002
1333,12033,171,1001
1334,12041,1,101
1335,12041,2,101
1336,12041,3,101
1337,12041,4,101001
1338,12041,5,101001
1339,12041,6,101001
1340,12041,7,101001
1341,12041,8,101001
1342,12041,9,101001
1343,12041,10,101011
1344,12041,11,101011
1345,12041,12,101011
1346,12041,13,101012
1347,12041,14,101012
1348,12041,15,101012
1349,12041,16,101011
1350,12041,17,101011
1351,12041,18,101011
1352,12041,19,101012
1353,12041,20,101012
1354,12041,21,101012
1355,12041,22,101012
1356,12041,23,101011
1357,12041,24,101011
1358,12041,25,101011
1359,12041,26,101011
1360,12041,27,101012
1361,12041,28,101012
1362,12041,29,101012
1363,12041,30,101012
1364,12041,31,101001
1365,12041,32,101001
1366,12041,33,101001
1367,12041,34,101001
1368,12041,35,101001
1369,12041,36,101001
1370,12041,37,101001
1371,12041,38,101001
1372,12041,39,101001
1373,12041,40,101001
1374,12041,41,101013
1375,12041,42,101013
1376,12041,43,101013
1377,12041,44,101013
1378,12041,45,101031
1379,12041,46,101014
1380,12041,47,101014
1381,12041,48,101014
1382,12041,49,1003
1383,12041,50,1003
1384,12041,51,1003
1385,12041,52,1003
1386,12041,53,1003
1387,12042,54,101
1388,12042,55,101
1389,12042,56,101
1390,12042,57,201001
1391,12042,58,201001
1392,12042,59,201001
1393,12042,60,201001
1394,12042,61,201001
1395,12042,62,201001
1396,12042,63,201011
1397,12042,64,201011
1398,12042,65,201011
1399,12042,66,201012
1400,12042,67,201012
1401,12042,68,201012
1402,12042,69,201011
1403,12042,70,201011
1404,12042,71,201011
1405,12042,72,201012
1406,12042,73,201012
1407,12042,74,201012
1408,12042,75,201012
1409,12042,76,201011
1410,12042,77,201011
1411,12042,78,201011
1412,12042,79,201011
1413,12042,80,201012
1414,12042,81,201012
1415,12042,82,201012
1416,12042,83,201012
1417,12042,84,201001
1418,12042,85,201001
1419,12042,86,201001
1420,12042,87,201001
1421,12042,88,201001
1422,12042,89,201001
1423,12042,90,201001
1424,12042,91,201001
1425,12042,92,201001
1426,12042,93,201001
1427,12042,94,201013
1428,12042,95,201013
1429,12042,96,201013
1430,12042,97,201013
1431,12042,98,201031
1432,12042,99,201014
1433,12042,100,201014
1434,12042,101,201014
1435,12042,102,1003
1436,12042,103,1003
1437,12042,104,1003
1438,12042,105,1003
1439,12042,106,1003
1440,12043,107,101
1441,12043,108,101
1442,12043,109,101
1443,12043,110,301001
1444,12043,111,301001
1445,12043,112,301001
1446,12043,113,301001
1447,12043,114,301001
1448,12043,115,301001
1449,12043,116,301011
1450,12043,117,301011
1451,12043,118,301011
1452,12043,119,301012
1453,12043,120,301012
1454,12043,121,301012
1455,12043,122,301011
1456,12043,123,301011
1457,12043,124,301011
1458,12043,125,301012
1459,12043,126,301012
1460,12043,127,301012
1461,12043,128,301012
1462,12043,129,301011
1463,12043,130,301011
1464,12043,131,301011
1465,12043,132,301011
1466,12043,133,301012
1467,12043,134,301012
1468,12043,135,301012
1469,12043,136,301012
1470,12043,137,301001
1471,12043,138,301001
1472,12043,139,301001
1473,12043,140,301001
1474,12043,141,301001
1475,12043,142,301001
1476,12043,143,301001
1477,12043,144,301001
1478,12043,145,301001
1479,12043,146,301001
1480,12043,147,301013
1481,12043,148,301013
1482,12043,149,301013
1483,12043,150,301013
1484,12043,151,301031
1485,12043,152,301014
1486,12043,153,301014
1487,12043,154,301014
1488,12043,155,1003
1489,12043,156,1003
1490,12043,157,1003
1491,12043,158,1003
1492,12043,159,1003
1493,12051,1,101111
1494,12051,2,101111
1495,12051,3,101111
1496,12051,4,101111
1497,12051,5,101111
1498,12051,6,101112
1499,12051,7,101112
1500,12051,8,101112
1501,12051,9,101112
1502,12051,10,101121
1503,12051,11,101101
1504,12051,12,101101
1505,12051,13,101101
1506,12051,14,101101
1507,12051,15,101101
1508,12051,16,101101
1509,12051,17,101101
1510,12051,18,101101
1511,12051,19,101101
1512,12051,20,101101
1513,12051,21,101101
1514,12051,22,101101
1515,12051,23,101111
1516,12051,24,101111
1517,12051,25,101111
1518,12051,26,101112
1519,12051,27,101112
1520,12051,28,101112
1521,12051,29,101101
1522,12051,30,101101
1523,12051,31,101101
1524,12051,32,101101
1525,12051,33,101101
1526,12051,34,101101
1527,12051,35,101101
1528,12051,36,101101
1529,12051,37,101101
1530,12051,38,101101
1531,12051,39,101111
1532,12051,40,101111
1533,12051,41,101111
1534,12051,42,101111
1535,12051,43,101112
1536,12051,44,101112
1537,12051,45,101112
1538,12051,46,101112
1539,12051,47,101112
1540,12051,48,101131
1541,12051,49,1002
1542,12051,50,1003
1543,12051,51,1003
1544,12051,52,1003
1545,12051,53,1001
1546,12052,54,201111
1547,12052,55,201111
1548,12052,56,201111
1549,12052,57,201111
1550,12052,58,201111
1551,12052,59,201112
1552,12052,60,201112
1553,12052,61,201112
1554,12052,62,201112
1555,12052,63,201121
1556,12052,64,201101
1557,12052,65,201101
1558,12052,66,201101
1559,12052,67,201101
1560,12052,68,201101
1561,12052,69,201101
1562,12052,70,201101
1563,12052,71,201101
1564,12052,72,201101
1565,12052,73,201101
1566,12052,74,201101
1567,12052,75,201101
1568,12052,76,201111
1569,12052,77,201111
1570,12052,78,201111
1571,12052,79,201112
1572,12052,80,201112
1573,12052,81,201112
1574,12052,82,201101
1575,12052,83,201101
1576,12052,84,201101
1577,12052,85,201101
1578,12052,86,201101
1579,12052,87,201101
1580,12052,88,201101
1581,12052,89,201101
1582,12052,90,201101
1583,12052,91,201101
1584,12052,92,201111
1585,12052,93,201111
1586,12052,94,201111
1587,12052,95,201111
1588,12052,96,201112
1589,12052,97,201112
1590,12052,98,201112
1591,12052,99,201112
1592,12052,100,201112
1593,12052,101,201131
1594,12052,102,1002
1595,12052,103,1003
1596,12052,104,1003
1597,12052,105,1003
1598,12052,106,1001
1599,12053,107,301111
1600,12053,108,301111
1601,12053,109,301111
1602,12053,110,301111
1603,12053,111,301111
1604,12053,112,301112
1605,12053,113,301112
1606,12053,114,301112
1607,12053,115,301112
1608,12053,116,301121
1609,12053,117,301101
1610,12053,118,301101
1611,12053,119,301101
1612,12053,120,301101
1613,12053,121,301101
1614,12053,122,301101
1615,12053,123,301101
1616,12053,124,301101
1617,12053,125,301101
1618,12053,126,301101
1619,12053,127,301101
1620,12053,128,301101
1621,12053,129,301111
1622,12053,130,301111
1623,12053,131,301111
1624,12053,132,301112
1625,12053,133,301112
1626,12053,134,301112
1627,12053,135,301101
1628,12053,136,301101
1629,12053,137,301101
1630,12053,138,301101
1631,12053,139,301101
1632,12053,140,301101
1633,12053,141,301101
1634,12053,142,301101
1635,12053,143,301101
1636,12053,144,301101
1637,12053,145,301111
1638,12053,146,301111
1639,12053,147,301111
1640,12053,148,301111
1641,12053,149,301112
1642,12053,150,301112
1643,12053,151,301112
1644,12053,152,301112
1645,12053,153,301112
1646,12053,154,301131
1647,12053,155,1002
1648,12053,156,1003
1649,12053,157,1003
1650,12053,158,1003
1651,12053,159,1001
1652,12061,5,101213
1653,12061,4,101213
1654,12061,2,101213
1655,12061,1,101213
1656,12061,3,101213
1657,12061,8,101211
1658,12061,6,101211
1659,12061,9,101211
1660,12061,7,101211
1661,12061,10,101201
1662,12061,11,101201
1663,12061,12,101201
1664,12061,13,101201
1665,12061,14,101201
1666,12061,15,101201
1667,12061,16,101201
1668,12061,17,101201
1669,12061,18,101201
1670,12061,19,101201
1671,12061,20,101201
1672,12061,26,101212
1673,12061,25,101212
1674,12061,24,101214
1675,12061,23,101214
1676,12061,22,101214
1677,12061,21,101214
1678,12061,27,101202
1679,12061,28,101202
1680,12061,29,101202
1681,12061,30,101202
1682,12061,31,101202
1683,12061,32,101202
1684,12061,33,101202
1685,12061,34,101202
1686,12061,35,101202
1687,12061,36,101202
1688,12061,37,101202
1689,12061,38,101202
1690,12061,40,101213
1691,12061,39,101213
1692,12061,41,101213
1693,12061,43,101211
1694,12061,44,101211
1695,12061,42,101211
1696,12061,45,101211
1697,12061,47,1003
1698,12061,49,1003
1699,12061,48,1003
1700,12061,51,1003
1701,12061,50,1003
1702,12061,52,1003
1703,12062,5,201213
1704,12062,4,201213
1705,12062,2,201213
1706,12062,1,201213
1707,12062,3,201213
1708,12062,8,201211
1709,12062,6,201211
1710,12062,9,201211
1711,12062,7,201211
1712,12062,10,201201
1713,12062,11,201201
1714,12062,12,201201
1715,12062,13,201201
1716,12062,14,201201
1717,12062,15,201201
1718,12062,16,201201
1719,12062,17,201201
1720,12062,18,201201
1721,12062,19,201201
1722,12062,20,201201
1723,12062,26,201212
1724,12062,25,201212
1725,12062,24,201214
1726,12062,23,201214
1727,12062,22,201214
1728,12062,21,201214
1729,12062,27,201202
1730,12062,28,201202
1731,12062,29,201202
1732,12062,30,201202
1733,12062,31,201202
1734,12062,32,201202
1735,12062,33,201202
1736,12062,34,201202
1737,12062,35,201202
1738,12062,36,201202
1739,12062,37,201202
1740,12062,38,201202
1741,12062,40,201213
1742,12062,39,201213
1743,12062,41,201213
1744,12062,43,201211
1745,12062,44,201211
1746,12062,42,201211
1747,12062,45,201211
1748,12062,47,1003
1749,12062,49,1003
1750,12062,48,1003
1751,12062,51,1003
1752,12062,50,1003
1753,12062,52,1003
1754,12063,5,301213
1755,12063,4,301213
1756,12063,2,301213
1757,12063,1,301213
1758,12063,3,301213
1759,12063,8,301211
1760,12063,6,301211
1761,12063,9,301211
1762,12063,7,301211
1763,12063,10,301201
1764,12063,11,301201
1765,12063,12,301201
1766,12063,13,301201
1767,12063,14,301201
1768,12063,15,301201
1769,12063,16,301201
1770,12063,17,301201
1771,12063,18,301201
1772,12063,19,301201
1773,12063,20,301201
1774,12063,26,301212
1775,12063,25,301212
1776,12063,24,301214
1777,12063,23,301214
1778,12063,22,301214
1779,12063,21,301214
1780,12063,27,301202
1781,12063,28,301202
1782,12063,29,301202
1783,12063,30,301202
1784,12063,31,301202
1785,12063,32,301202
1786,12063,33,301202
1787,12063,34,301202
1788,12063,35,301202
1789,12063,36,301202
1790,12063,37,301202
1791,12063,38,301202
1792,12063,40,301213
1793,12063,39,301213
1794,12063,41,301213
1795,12063,43,301211
1796,12063,44,301211
1797,12063,42,301211
1798,12063,45,301211
1799,12063,47,1003
1800,12063,49,1003
1801,12063,48,1003
1802,12063,51,1003
1803,12063,50,1003
1804,12063,52,1003
1805,13011,1,101312
1806,13011,2,101312
1807,13011,3,101313
1808,13011,4,101311
1809,13011,5,101311
1810,13011,6,101311
1811,13011,7,101311
1812,13011,8,101312
1813,13011,9,101312
1814,13011,10,101312
1815,13011,11,101312
1816,13011,12,101313
1817,13011,13,101313
1818,13011,14,101312
1819,13011,15,101312
1820,13011,16,101313
1821,13011,17,101313
1822,13011,18,101313
1823,13011,19,101313
1824,13011,20,101301
1825,13011,21,101301
1826,13011,22,101301
1827,13011,23,101301
1828,13011,24,101301
1829,13011,25,101301
1830,13011,26,101301
1831,13011,27,101301
1832,13011,28,101301
1833,13011,29,101301
1834,13011,30,101301
1835,13011,31,101301
1836,13011,32,101301
1837,13011,33,101301
1838,13011,34,101301
1839,13011,35,101313
1840,13011,36,101313
1841,13011,37,101312
1842,13011,38,101312
1843,13011,39,101312
1844,13011,40,101312
1845,13011,41,101313
1846,13011,42,101331
1847,13011,43,101313
1848,13011,44,101313
1849,13011,45,101313
1850,13011,46,101313
1851,13011,47,1001
1852,13011,48,1002
1853,13011,49,1001
1854,13011,50,1002
1855,13011,51,1002
1856,13012,52,201312
1857,13012,53,201312
1858,13012,54,201313
1859,13012,55,201311
1860,13012,56,201311
1861,13012,57,201311
1862,13012,58,201311
1863,13012,59,201312
1864,13012,60,201312
1865,13012,61,201312
1866,13012,62,201312
1867,13012,63,201313
1868,13012,64,201313
1869,13012,65,201312
1870,13012,66,201312
1871,13012,67,201313
1872,13012,68,201313
1873,13012,69,201313
1874,13012,70,201313
1875,13012,71,201301
1876,13012,72,201301
1877,13012,73,201301
1878,13012,74,201301
1879,13012,75,201301
1880,13012,76,201301
1881,13012,77,201301
1882,13012,78,201301
1883,13012,79,201301
1884,13012,80,201301
1885,13012,81,201301
1886,13012,82,201301
1887,13012,83,201301
1888,13012,84,201301
1889,13012,85,201301
1890,13012,86,201313
1891,13012,87,201313
1892,13012,88,201312
1893,13012,89,201312
1894,13012,90,201312
1895,13012,91,201312
1896,13012,92,201313
1897,13012,93,201331
1898,13012,94,201313
1899,13012,95,201313
1900,13012,96,201313
1901,13012,97,201313
1902,13012,98,1001
1903,13012,99,1002
1904,13012,100,1001
1905,13012,101,1002
1906,13012,102,1002
1907,13013,103,301312
1908,13013,104,301312
1909,13013,105,301313
1910,13013,106,301311
1911,13013,107,301311
1912,13013,108,301311
1913,13013,109,301311
1914,13013,110,301312
1915,13013,111,301312
1916,13013,112,301312
1917,13013,113,301312
1918,13013,114,301313
1919,13013,115,301313
1920,13013,116,301312
1921,13013,117,301312
1922,13013,118,301313
1923,13013,119,301313
1924,13013,120,301313
1925,13013,121,301313
1926,13013,122,301301
1927,13013,123,301301
1928,13013,124,301301
1929,13013,125,301301
1930,13013,126,301301
1931,13013,127,301301
1932,13013,128,301301
1933,13013,129,301301
1934,13013,130,301301
1935,13013,131,301301
1936,13013,132,301301
1937,13013,133,301301
1938,13013,134,301301
1939,13013,135,301301
1940,13013,136,301301
1941,13013,137,301313
1942,13013,138,301313
1943,13013,139,301312
1944,13013,140,301312
1945,13013,141,301312
1946,13013,142,301312
1947,13013,143,301313
1948,13013,144,301331
1949,13013,145,301313
1950,13013,146,301313
1951,13013,147,301313
1952,13013,148,301313
1953,13013,149,1001
1954,13013,150,1002
1955,13013,151,1001
1956,13013,152,1002
1957,13013,153,1002
1958,13021,1,101412
1959,13021,2,101412
1960,13021,3,101412
1961,13021,4,101413
1962,13021,5,101413
1963,13021,6,101411
1964,13021,7,101411
1965,13021,8,101411
1966,13021,9,101411
1967,13021,10,101411
1968,13021,11,101411
1969,13021,12,101411
1970,13021,13,101413
1971,13021,14,101413
1972,13021,15,101412
1973,13021,16,101412
1974,13021,17,101411
1975,13021,18,101411
1976,13021,19,101411
1977,13021,20,101411
1978,13021,21,101412
1979,13021,22,101412
1980,13021,23,101412
1981,13021,24,101412
1982,13021,25,101412
1983,13021,26,101413
1984,13021,27,101413
1985,13021,28,101401
1986,13021,29,101401
1987,13021,30,101401
1988,13021,31,101401
1989,13021,32,101401
1990,13021,33,101401
1991,13021,34,101401
1992,13021,35,101401
1993,13021,36,101401
1994,13021,37,101401
1995,13021,38,101401
1996,13021,39,101413
1997,13021,40,101412
1998,13021,41,101413
1999,13021,42,101413
2000,13021,43,101412
2001,13021,44,101431
2002,13021,45,101413
2003,13021,46,101413
2004,13021,47,101414
2005,13021,48,101414
2006,13021,49,101414
2007,13021,50,1002
2008,13021,51,1002
2009,13021,52,1002
2010,13021,53,1001
2011,13022,54,201412
2012,13022,55,201412
2013,13022,56,201412
2014,13022,57,201413
2015,13022,58,201413
2016,13022,59,201411
2017,13022,60,201411
2018,13022,61,201411
2019,13022,62,201411
2020,13022,63,201411
2021,13022,64,201411
2022,13022,65,201411
2023,13022,66,201413
2024,13022,67,201413
2025,13022,68,201412
2026,13022,69,201412
2027,13022,70,201411
2028,13022,71,201411
2029,13022,72,201411
2030,13022,73,201411
2031,13022,74,201412
2032,13022,75,201412
2033,13022,76,201412
2034,13022,77,201412
2035,13022,78,201412
2036,13022,79,201413
2037,13022,80,201413
2038,13022,81,201401
2039,13022,82,201401
2040,13022,83,201401
2041,13022,84,201401
2042,13022,85,201401
2043,13022,86,201401
2044,13022,87,201401
2045,13022,88,201401
2046,13022,89,201401
2047,13022,90,201401
2048,13022,91,201401
2049,13022,92,201413
2050,13022,93,201412
2051,13022,94,201413
2052,13022,95,201413
2053,13022,96,201412
2054,13022,97,201431
2055,13022,98,201413
2056,13022,99,201413
2057,13022,100,201414
2058,13022,101,201414
2059,13022,102,201414
2060,13022,103,1002
2061,13022,104,1002
2062,13022,105,1002
2063,13022,106,1001
2064,13023,107,301412
2065,13023,108,301412
2066,13023,109,301412
2067,13023,110,301413
2068,13023,111,301413
2069,13023,112,301411
2070,13023,113,301411
2071,13023,114,301411
2072,13023,115,301411
2073,13023,116,301411
2074,13023,117,301411
2075,13023,118,301411
2076,13023,119,301413
2077,13023,120,301413
2078,13023,121,301412
2079,13023,122,301412
2080,13023,123,301411
2081,13023,124,301411
2082,13023,125,301411
2083,13023,126,301411
2084,13023,127,301412
2085,13023,128,301412
2086,13023,129,301412
2087,13023,130,301412
2088,13023,131,301412
2089,13023,132,301413
2090,13023,133,301413
2091,13023,134,301401
2092,13023,135,301401
2093,13023,136,301401
2094,13023,137,301401
2095,13023,138,301401
2096,13023,139,301401
2097,13023,140,301401
2098,13023,141,301401
2099,13023,142,301401
2100,13023,143,301401
2101,13023,144,301401
2102,13023,145,301413
2103,13023,146,301412
2104,13023,147,301413
2105,13023,148,301413
2106,13023,149,301412
2107,13023,150,301431
2108,13023,151,301413
2109,13023,152,301413
2110,13023,153,301414
2111,13023,154,301414
2112,13023,155,301414
2113,13023,156,1002
2114,13023,157,1002
2115,13023,158,1002
2116,13023,159,1001
2117,13031,1,101512
2118,13031,2,101511
2119,13031,3,101511
2120,13031,4,101511
2121,13031,5,101511
2122,13031,6,101513
2123,13031,7,101513
2124,13031,8,101513
2125,13031,9,101513
2126,13031,10,101512
2127,13031,12,101513
2128,13031,13,101513
2129,13031,14,101513
2130,13031,15,101513
2131,13031,11,101512
2132,13031,18,101521
2133,13031,16,101511
2134,13031,17,101511
2135,13031,21,101513
2136,13031,22,101513
2137,13031,23,101513
2138,13031,24,101513
2139,13031,19,101512
2140,13031,20,101512
2141,13031,25,101501
2142,13031,26,101501
2143,13031,27,101501
2144,13031,28,101501
2145,13031,29,101501
2146,13031,30,101501
2147,13031,31,101501
2148,13031,32,101501
2149,13031,33,101501
2150,13031,34,101501
2151,13031,35,101501
2152,13031,36,101531
2153,13031,38,101514
2154,13031,39,101514
2155,13031,37,101514
2156,13031,41,1001
2157,13031,42,1002
2158,13031,43,1002
2159,13031,44,1002
2160,13031,45,1001
2161,13031,46,1002
2162,13031,40,1001
2163,13032,47,201512
2164,13032,50,201511
2165,13032,51,201511
2166,13032,48,201511
2167,13032,49,201511
2168,13032,53,201513
2169,13032,54,201513
2170,13032,55,201513
2171,13032,52,201513
2172,13032,56,201512
2173,13032,58,201513
2174,13032,59,201513
2175,13032,60,201513
2176,13032,61,201513
2177,13032,57,201512
2178,13032,64,201521
2179,13032,62,201511
2180,13032,63,201511
2181,13032,66,201512
2182,13032,67,201513
2183,13032,68,201513
2184,13032,69,201513
2185,13032,70,201513
2186,13032,65,201512
2187,13032,73,201501
2188,13032,74,201501
2189,13032,75,201501
2190,13032,76,201501
2191,13032,77,201501
2192,13032,78,201501
2193,13032,79,201501
2194,13032,80,201501
2195,13032,81,201501
2196,13032,71,201501
2197,13032,72,201501
2198,13032,82,201531
2199,13032,84,201514
2200,13032,85,201514
2201,13032,83,201514
2202,13032,87,1001
2203,13032,88,1002
2204,13032,89,1002
2205,13032,90,1002
2206,13032,91,1001
2207,13032,92,1002
2208,13032,86,1001
2209,13033,93,301512
2210,13033,95,301511
2211,13033,96,301511
2212,13033,97,301511
2213,13033,94,301511
2214,13033,100,301513
2215,13033,101,301513
2216,13033,98,301513
2217,13033,99,301513
2218,13033,102,301512
2219,13033,105,301513
2220,13033,106,301513
2221,13033,107,301513
2222,13033,103,301512
2223,13033,104,301513
2224,13033,109,301511
2225,13033,110,301521
2226,13033,108,301511
2227,13033,113,301513
2228,13033,114,301513
2229,13033,115,301513
2230,13033,116,301513
2231,13033,111,301512
2232,13033,112,301512
2233,13033,118,301501
2234,13033,119,301501
2235,13033,120,301501
2236,13033,121,301501
2237,13033,122,301501
2238,13033,123,301501
2239,13033,124,301501
2240,13033,125,301501
2241,13033,126,301501
2242,13033,127,301501
2243,13033,117,301501
2244,13033,128,301531
2245,13033,130,301514
2246,13033,131,301514
2247,13033,129,301514
2248,13033,133,1001
2249,13033,134,1002
2250,13033,135,1002
2251,13033,136,1002
2252,13033,137,1001
2253,13033,138,1002
2254,13033,132,1001
2255,13041,4,101611
2256,13041,1,101611
2257,13041,2,101612
2258,13041,3,101612
2259,13041,5,101611
2260,13041,6,101611
2261,13041,7,101611
2262,13041,8,101611
2263,13041,9,101611
2264,13041,10,101611
2265,13041,11,101611
2266,13041,12,101611
2267,13041,13,101613
2268,13041,14,101611
2269,13041,15,101611
2270,13041,16,101613
2271,13041,17,101611
2272,13041,18,101611
2273,13041,19,101611
2274,13041,20,101611
2275,13041,21,101613
2276,13041,22,101611
2277,13041,26,101611
2278,13041,27,101611
2279,13041,23,101611
2280,13041,24,101613
2281,13041,25,101613
2282,13041,28,101631
2283,13041,32,101614
2284,13041,29,101614
2285,13041,30,101614
2286,13041,31,101614
2287,13041,34,1001
2288,13041,35,1001
2289,13041,36,1002
2290,13041,37,1001
2291,13041,38,1002
2292,13041,33,1001
2293,13042,41,201612
2294,13042,42,201611
2295,13042,39,201611
2296,13042,40,201612
2297,13042,46,201611
2298,13042,43,201611
2299,13042,44,201611
2300,13042,45,201611
2301,13042,48,201611
2302,13042,49,201611
2303,13042,50,201611
2304,13042,47,201611
2305,13042,52,201611
2306,13042,53,201611
2307,13042,51,201613
2308,13042,57,201611
2309,13042,54,201613
2310,13042,55,201611
2311,13042,56,201611
2312,13042,60,201611
2313,13042,58,201611
2314,13042,59,201613
2315,13042,63,201613
2316,13042,64,201611
2317,13042,65,201611
2318,13042,61,201611
2319,13042,62,201613
2320,13042,66,201631
2321,13042,68,201614
2322,13042,69,201614
2323,13042,70,201614
2324,13042,67,201614
2325,13042,74,1002
2326,13042,75,1001
2327,13042,76,1002
2328,13042,71,1001
2329,13042,72,1001
2330,13042,73,1001
2331,13043,79,301612
2332,13043,80,301611
2333,13043,77,301611
2334,13043,78,301612
2335,13043,82,301611
2336,13043,83,301611
2337,13043,84,301611
2338,13043,81,301611
2339,13043,87,301611
2340,13043,88,301611
2341,13043,85,301611
2342,13043,86,301611
2343,13043,91,301611
2344,13043,89,301613
2345,13043,90,301611
2346,13043,93,301611
2347,13043,94,301611
2348,13043,95,301611
2349,13043,92,301613
2350,13043,98,301611
2351,13043,96,301611
2352,13043,97,301613
2353,13043,101,301613
2354,13043,102,301611
2355,13043,103,301611
2356,13043,99,301611
2357,13043,100,301613
2358,13043,104,301631
2359,13043,106,301614
2360,13043,107,301614
2361,13043,108,301614
2362,13043,105,301614
2363,13043,111,1001
2364,13043,112,1002
2365,13043,113,1001
2366,13043,114,1002
2367,13043,109,1001
2368,13043,110,1001
2369,13051,1,101713
2370,13051,2,101713
2371,13051,3,101711
2372,13051,4,101711
2373,13051,5,101711
2374,13051,9,101711
2375,13051,10,101711
2376,13051,11,101711
2377,13051,6,101711
2378,13051,7,101712
2379,13051,8,101712
2380,13051,14,101711
2381,13051,15,101711
2382,13051,12,101712
2383,13051,13,101713
2384,13051,16,101701
2385,13051,17,101701
2386,13051,18,101701
2387,13051,19,101701
2388,13051,20,101701
2389,13051,21,101701
2390,13051,22,101701
2391,13051,23,101701
2392,13051,24,101711
2393,13051,25,101712
2394,13051,26,101711
2395,13051,30,101711
2396,13051,31,101711
2397,13051,32,101711
2398,13051,27,101711
2399,13051,28,101713
2400,13051,29,101713
2401,13051,33,101712
2402,13051,34,101712
2403,13051,35,101701
2404,13051,36,101701
2405,13051,37,101701
2406,13051,38,101701
2407,13051,39,101701
2408,13051,40,101701
2409,13051,41,101701
2410,13051,42,101731
2411,13051,44,101714
2412,13051,45,101714
2413,13051,43,101714
2414,13051,46,1001
2415,13051,47,1001
2416,13051,48,1001
2417,13051,49,1002
2418,13052,51,201713
2419,13052,52,201711
2420,13052,53,201711
2421,13052,54,201711
2422,13052,50,201713
2423,13052,57,201712
2424,13052,58,201711
2425,13052,59,201711
2426,13052,60,201711
2427,13052,55,201711
2428,13052,56,201712
2429,13052,64,201711
2430,13052,61,201712
2431,13052,62,201713
2432,13052,63,201711
2433,13052,66,201701
2434,13052,67,201701
2435,13052,68,201701
2436,13052,69,201701
2437,13052,70,201701
2438,13052,71,201701
2439,13052,72,201701
2440,13052,65,201701
2441,13052,74,201712
2442,13052,75,201711
2443,13052,73,201711
2444,13052,78,201713
2445,13052,79,201711
2446,13052,80,201711
2447,13052,81,201711
2448,13052,76,201711
2449,13052,77,201713
2450,13052,83,201712
2451,13052,82,201712
2452,13052,85,201701
2453,13052,86,201701
2454,13052,87,201701
2455,13052,88,201701
2456,13052,89,201701
2457,13052,90,201701
2458,13052,84,201701
2459,13052,91,201731
2460,13052,92,201714
2461,13052,93,201714
2462,13052,94,201714
2463,13052,96,1001
2464,13052,97,1001
2465,13052,98,1002
2466,13052,95,1001
2467,13053,100,301713
2468,13053,101,301711
2469,13053,102,301711
2470,13053,103,301711
2471,13053,99,301713
2472,13053,106,301712
2473,13053,107,301711
2474,13053,108,301711
2475,13053,109,301711
2476,13053,104,301711
2477,13053,105,301712
2478,13053,112,301711
2479,13053,113,301711
2480,13053,110,301712
2481,13053,111,301713
2482,13053,116,301701
2483,13053,117,301701
2484,13053,118,301701
2485,13053,119,301701
2486,13053,120,301701
2487,13053,121,301701
2488,13053,114,301701
2489,13053,115,301701
2490,13053,123,301712
2491,13053,124,301711
2492,13053,122,301711
2493,13053,126,301713
2494,13053,127,301713
2495,13053,128,301711
2496,13053,129,301711
2497,13053,130,301711
2498,13053,125,301711
2499,13053,131,301712
2500,13053,132,301712
2501,13053,135,301701
2502,13053,136,301701
2503,13053,137,301701
2504,13053,138,301701
2505,13053,139,301701
2506,13053,133,301701
2507,13053,134,301701
2508,13053,140,301731
2509,13053,143,301714
2510,13053,141,301714
2511,13053,142,301714
2512,13053,145,1001
2513,13053,146,1001
2514,13053,147,1002
2515,13053,144,1001
2516,13061,3,101811
2517,13061,4,101812
2518,13061,5,101812
2519,13061,1,101811
2520,13061,2,101811
2521,13061,7,101811
2522,13061,8,101811
2523,13061,9,101811
2524,13061,10,101812
2525,13061,11,101812
2526,13061,6,101811
2527,13061,14,101801
2528,13061,15,101801
2529,13061,16,101801
2530,13061,17,101801
2531,13061,18,101801
2532,13061,19,101801
2533,13061,20,101801
2534,13061,21,101801
2535,13061,22,101801
2536,13061,23,101801
2537,13061,24,101801
2538,13061,25,101801
2539,13061,12,101813
2540,13061,13,101813
2541,13061,26,101811
2542,13061,27,101811
2543,13061,28,101811
2544,13061,29,101811
2545,13061,30,101811
2546,13061,31,101811
2547,13061,32,101812
2548,13061,33,101812
2549,13061,36,101811
2550,13061,37,101811
2551,13061,38,101811
2552,13061,34,101813
2553,13061,35,101813
2554,13061,39,101801
2555,13061,40,101801
2556,13061,41,101801
2557,13061,42,101801
2558,13061,43,101801
2559,13061,44,101801
2560,13061,45,101801
2561,13061,46,101801
2562,13061,47,101801
2563,13061,48,101801
2564,13061,49,101801
2565,13061,50,101831
2566,13061,52,1002
2567,13061,53,1001
2568,13061,54,1002
2569,13061,51,1001
2570,13062,58,201812
2571,13062,59,201812
2572,13062,55,201811
2573,13062,56,201811
2574,13062,57,201811
2575,13062,63,201811
2576,13062,64,201812
2577,13062,65,201812
2578,13062,60,201811
2579,13062,61,201811
2580,13062,62,201811
2581,13062,67,201813
2582,13062,68,201801
2583,13062,69,201801
2584,13062,70,201801
2585,13062,71,201801
2586,13062,72,201801
2587,13062,73,201801
2588,13062,74,201801
2589,13062,75,201801
2590,13062,76,201801
2591,13062,77,201801
2592,13062,78,201801
2593,13062,79,201801
2594,13062,66,201813
2595,13062,80,201811
2596,13062,81,201811
2597,13062,83,201811
2598,13062,84,201811
2599,13062,85,201811
2600,13062,82,201811
2601,13062,86,201812
2602,13062,87,201812
2603,13062,90,201811
2604,13062,91,201811
2605,13062,92,201811
2606,13062,88,201813
2607,13062,89,201813
2608,13062,96,201801
2609,13062,97,201801
2610,13062,98,201801
2611,13062,99,201801
2612,13062,100,201801
2613,13062,101,201801
2614,13062,102,201801
2615,13062,103,201801
2616,13062,93,201801
2617,13062,94,201801
2618,13062,95,201801
2619,13062,104,201831
2620,13062,107,1001
2621,13062,108,1002
2622,13062,105,1001
2623,13062,106,1002
2624,13063,111,301811
2625,13063,112,301812
2626,13063,113,301812
2627,13063,109,301811
2628,13063,110,301811
2629,13063,115,301811
2630,13063,116,301811
2631,13063,117,301811
2632,13063,118,301812
2633,13063,119,301812
2634,13063,114,301811
2635,13063,122,301801
2636,13063,123,301801
2637,13063,124,301801
2638,13063,125,301801
2639,13063,126,301801
2640,13063,127,301801
2641,13063,128,301801
2642,13063,129,301801
2643,13063,130,301801
2644,13063,131,301801
2645,13063,132,301801
2646,13063,133,301801
2647,13063,120,301813
2648,13063,121,301813
2649,13063,135,301811
2650,13063,134,301811
2651,13063,138,301811
2652,13063,139,301811
2653,13063,136,301811
2654,13063,137,301811
2655,13063,140,301812
2656,13063,141,301812
2657,13063,143,301813
2658,13063,144,301811
2659,13063,145,301811
2660,13063,146,301811
2661,13063,142,301813
2662,13063,149,301801
2663,13063,150,301801
2664,13063,151,301801
2665,13063,152,301801
2666,13063,153,301801
2667,13063,154,301801
2668,13063,155,301801
2669,13063,156,301801
2670,13063,157,301801
2671,13063,147,301801
2672,13063,148,301801
2673,13063,158,301831
2674,13063,161,1001
2675,13063,162,1002
2676,13063,159,1001
2677,13063,160,1002
2678,14011,1,101911
2679,14011,2,101911
2680,14011,3,101911
2681,14011,4,101911
2682,14011,6,101911
2683,14011,7,101911
2684,14011,5,101912
2685,14011,8,101901
2686,14011,9,101901
2687,14011,10,101901
2688,14011,11,101901
2689,14011,12,101901
2690,14011,13,101901
2691,14011,14,101901
2692,14011,15,101901
2693,14011,16,101901
2694,14011,17,101912
2695,14011,18,101911
2696,14011,19,101912
2697,14011,20,101911
2698,14011,21,101911
2699,14011,22,101911
2700,14011,23,101913
2701,14011,24,101911
2702,14011,25,101911
2703,14011,26,101911
2704,14011,27,101913
2705,14011,28,101913
2706,14011,29,101913
2707,14011,30,101913
2708,14011,31,101902
2709,14011,32,101902
2710,14011,33,101902
2711,14011,34,101902
2712,14011,35,101902
2713,14011,36,101902
2714,14011,37,101902
2715,14011,38,101902
2716,14011,39,101931
2717,14011,40,101921
2718,14011,41,101921
2719,14011,42,1001
2720,14011,43,1001
2721,14011,44,1001
2722,14011,45,1001
2723,14012,49,201911
2724,14012,46,201911
2725,14012,47,201911
2726,14012,48,201911
2727,14012,51,201911
2728,14012,52,201911
2729,14012,50,201912
2730,14012,56,201901
2731,14012,57,201901
2732,14012,58,201901
2733,14012,59,201901
2734,14012,60,201901
2735,14012,61,201901
2736,14012,62,201912
2737,14012,53,201901
2738,14012,54,201901
2739,14012,55,201901
2740,14012,63,201911
2741,14012,64,201912
2742,14012,65,201911
2743,14012,66,201911
2744,14012,70,201911
2745,14012,71,201911
2746,14012,67,201911
2747,14012,68,201913
2748,14012,69,201911
2749,14012,72,201913
2750,14012,73,201913
2751,14012,77,201902
2752,14012,78,201902
2753,14012,79,201902
2754,14012,80,201902
2755,14012,81,201902
2756,14012,82,201902
2757,14012,83,201902
2758,14012,74,201913
2759,14012,75,201913
2760,14012,76,201902
2761,14012,84,201931
2762,14012,86,201921
2763,14012,85,201921
2764,14012,87,1001
2765,14012,88,1001
2766,14012,89,1001
2767,14012,90,1001
2768,14013,93,301911
2769,14013,94,301911
2770,14013,91,301911
2771,14013,92,301911
2772,14013,96,301911
2773,14013,97,301911
2774,14013,95,301912
2775,14013,103,301901
2776,14013,104,301901
2777,14013,105,301901
2778,14013,106,301901
2779,14013,107,301912
2780,14013,98,301901
2781,14013,99,301901
2782,14013,100,301901
2783,14013,101,301901
2784,14013,102,301901
2785,14013,110,301911
2786,14013,111,301911
2787,14013,108,301911
2788,14013,109,301912
2789,14013,112,301911
2790,14013,113,301913
2791,14013,114,301911
2792,14013,115,301911
2793,14013,116,301911
2794,14013,117,301913
2795,14013,118,301913
2796,14013,124,301902
2797,14013,125,301902
2798,14013,126,301902
2799,14013,127,301902
2800,14013,128,301902
2801,14013,119,301913
2802,14013,120,301913
2803,14013,121,301902
2804,14013,122,301902
2805,14013,123,301902
2806,14013,129,301931
2807,14013,130,301921
2808,14013,131,301921
2809,14013,135,1001
2810,14013,132,1001
2811,14013,133,1001
2812,14013,134,1001
2813,14021,1,102011
2814,14021,2,102011
2815,14021,3,102011
2816,14021,4,102011
2817,14021,5,102011
2818,14021,6,102011
2819,14021,7,102011
2820,14021,8,102011
2821,14021,9,102012
2822,14021,10,102021
2823,14021,11,102012
2824,14021,12,102012
2825,14021,13,102011
2826,14021,14,102011
2827,14021,15,102011
2828,14021,16,102011
2829,14021,17,102012
2830,14021,18,102012
2831,14021,19,102001
2832,14021,20,102001
2833,14021,21,102001
2834,14021,22,102001
2835,14021,23,102001
2836,14021,24,102001
2837,14021,25,102001
2838,14021,26,102012
2839,14021,27,102012
2840,14021,28,102012
2841,14021,29,102031
2842,14021,30,102013
2843,14021,31,102013
2844,14021,32,102013
2845,14021,33,1001
2846,14021,34,1001
2847,14021,35,1002
2848,14021,36,1001
2849,14022,37,202011
2850,14022,38,202011
2851,14022,39,202011
2852,14022,40,202011
2853,14022,41,202011
2854,14022,42,202011
2855,14022,43,202011
2856,14022,44,202011
2857,14022,45,202012
2858,14022,46,202021
2859,14022,47,202012
2860,14022,48,202012
2861,14022,49,202011
2862,14022,50,202011
2863,14022,51,202011
2864,14022,52,202011
2865,14022,53,202001
2866,14022,54,202001
2867,14022,55,202001
2868,14022,56,202001
2869,14022,57,202001
2870,14022,58,202001
2871,14022,59,202001
2872,14022,60,202012
2873,14022,61,202012
2874,14022,62,202012
2875,14022,63,202012
2876,14022,64,202012
2877,14022,65,202031
2878,14022,66,202013
2879,14022,67,202013
2880,14022,68,202013
2881,14022,69,1001
2882,14022,70,1001
2883,14022,71,1002
2884,14022,72,1001
2885,14023,73,302011
2886,14023,74,302011
2887,14023,75,302011
2888,14023,76,302011
2889,14023,77,302012
2890,14023,78,302011
2891,14023,79,302011
2892,14023,80,302011
2893,14023,81,302011
2894,14023,82,302012
2895,14023,83,302021
2896,14023,84,302012
2897,14023,85,302011
2898,14023,86,302011
2899,14023,87,302011
2900,14023,88,302011
2901,14023,89,302001
2902,14023,90,302001
2903,14023,91,302001
2904,14023,92,302001
2905,14023,93,302001
2906,14023,94,302012
2907,14023,95,302012
2908,14023,96,302001
2909,14023,97,302001
2910,14023,98,302012
2911,14023,99,302012
2912,14023,100,302012
2913,14023,101,302031
2914,14023,102,302013
2915,14023,103,302013
2916,14023,104,302013
2917,14023,105,1001
2918,14023,106,1002
2919,14023,107,1001
2920,14023,108,1001
2921,14031,1,102121
2922,14031,2,102111
2923,14031,3,102111
2924,14031,4,102111
2925,14031,5,102111
2926,14031,6,102111
2927,14031,7,102111
2928,14031,8,102112
2929,14031,9,102112
2930,14031,10,102121
2931,14031,11,102111
2932,14031,12,102111
2933,14031,13,102111
2934,14031,14,102111
2935,14031,15,102111
2936,14031,16,102112
2937,14031,17,102112
2938,14031,18,102112
2939,14031,19,102113
2940,14031,20,102113
2941,14031,21,102113
2942,14031,22,102113
2943,14031,23,102113
2944,14031,24,102113
2945,14031,25,102113
2946,14031,26,102131
2947,14031,27,102114
2948,14031,28,102114
2949,14031,29,102114
2950,14031,30,1002
2951,14031,31,1001
2952,14031,32,1002
2953,14031,33,1001
2954,14032,34,202111
2955,14032,35,202121
2956,14032,36,202111
2957,14032,37,202112
2958,14032,38,202112
2959,14032,39,202111
2960,14032,40,202111
2961,14032,41,202111
2962,14032,42,202111
2963,14032,43,202111
2964,14032,44,202111
2965,14032,45,202121
2966,14032,46,202112
2967,14032,47,202112
2968,14032,48,202112
2969,14032,49,202111
2970,14032,50,202111
2971,14032,51,202111
2972,14032,52,202113
2973,14032,53,202113
2974,14032,54,202113
2975,14032,55,202113
2976,14032,56,202113
2977,14032,57,202113
2978,14032,58,202113
2979,14032,59,202131
2980,14032,60,202114
2981,14032,61,202114
2982,14032,62,202114
2983,14032,63,1001
2984,14032,64,1002
2985,14032,65,1001
2986,14032,66,1002
2987,14033,67,302111
2988,14033,68,302121
2989,14033,69,302111
2990,14033,70,302112
2991,14033,71,302111
2992,14033,72,302111
2993,14033,73,302111
2994,14033,74,302111
2995,14033,75,302112
2996,14033,76,302111
2997,14033,77,302111
2998,14033,78,302121
2999,14033,79,302112
3000,14033,80,302112
3001,14033,81,302112
3002,14033,82,302111
3003,14033,83,302111
3004,14033,84,302111
3005,14033,85,302113
3006,14033,86,302113
3007,14033,87,302113
3008,14033,88,302113
3009,14033,89,302113
3010,14033,90,302113
3011,14033,91,302113
3012,14033,92,302131
3013,14033,93,302114
3014,14033,94,302114
3015,14033,95,302114
3016,14033,96,1002
3017,14033,97,1001
3018,14033,98,1002
3019,14033,99,1001
3020,14041,1,102221
3021,14041,4,102211
3022,14041,5,102211
3023,14041,2,102213
3024,14041,3,102213
3025,14041,6,102211
3026,14041,7,102211
3027,14041,8,102211
3028,14041,9,102211
3029,14041,10,102211
3030,14041,11,102211
3031,14041,12,102213
3032,14041,13,102213
3033,14041,14,102211
3034,14041,15,102211
3035,14041,16,102211
3036,14041,17,102211
3037,14041,18,102211
3038,14041,19,102212
3039,14041,20,102201
3040,14041,21,102201
3041,14041,22,102201
3042,14041,23,102201
3043,14041,24,102201
3044,14041,25,102221
3045,14041,26,102231
3046,14041,29,102213
3047,14041,30,102213
3048,14041,34,102214
3049,14041,31,102214
3050,14041,32,102214
3051,14041,33,102214
3052,14041,36,1002
3053,14041,37,1002
3054,14041,38,1001
3055,14041,39,1002
3056,14041,35,1001
3057,14041,1,1002
3058,14042,1,202221
3059,14042,4,202211
3060,14042,5,202211
3061,14042,2,202213
3062,14042,3,202213
3063,14042,6,202211
3064,14042,7,202211
3065,14042,8,202211
3066,14042,9,202211
3067,14042,10,202211
3068,14042,11,202211
3069,14042,12,202213
3070,14042,13,202213
3071,14042,14,202211
3072,14042,15,202211
3073,14042,16,202211
3074,14042,17,202211
3075,14042,18,202211
3076,14042,19,202212
3077,14042,20,202201
3078,14042,21,202201
3079,14042,22,202201
3080,14042,23,202201
3081,14042,24,202201
3082,14042,25,202221
3083,14042,26,202231
3084,14042,29,202213
3085,14042,30,202213
3086,14042,34,202214
3087,14042,31,202214
3088,14042,32,202214
3089,14042,33,202214
3090,14042,36,1002
3091,14042,37,1002
3092,14042,38,1001
3093,14042,39,1002
3094,14042,35,1001
3095,14042,1,1002
3096,14043,1,302221
3097,14043,4,302211
3098,14043,5,302211
3099,14043,2,302213
3100,14043,3,302213
3101,14043,6,302211
3102,14043,7,302211
3103,14043,8,302211
3104,14043,9,302211
3105,14043,10,302211
3106,14043,11,302211
3107,14043,12,302213
3108,14043,13,302213
3109,14043,14,302211
3110,14043,15,302211
3111,14043,16,302211
3112,14043,17,302211
3113,14043,18,302211
3114,14043,19,302212
3115,14043,20,302201
3116,14043,21,302201
3117,14043,22,302201
3118,14043,23,302201
3119,14043,24,302201
3120,14043,25,302221
3121,14043,26,302231
3122,14043,29,302213
3123,14043,30,302213
3124,14043,34,302214
3125,14043,31,302214
3126,14043,32,302214
3127,14043,33,302214
3128,14043,36,1002
3129,14043,37,1002
3130,14043,38,1001
3131,14043,39,1002
3132,14043,35,1001
3133,14043,1,1002
3134,14051,3,102321
3135,14051,1,102312
3136,14051,2,102312
3137,14051,6,102311
3138,14051,7,102311
3139,14051,8,102311
3140,14051,9,102311
3141,14051,4,102313
3142,14051,5,102313
3143,14051,13,102321
3144,14051,10,102311
3145,14051,11,102311
3146,14051,12,102311
3147,14051,16,102311
3148,14051,17,102311
3149,14051,14,102313
3150,14051,15,102313
3151,14051,18,102312
3152,14051,19,102312
3153,14051,20,102301
3154,14051,21,102301
3155,14051,22,102301
3156,14051,23,102301
3157,14051,24,102301
3158,14051,25,102301
3159,14051,26,102301
3160,14051,27,102301
3161,14051,28,102301
3162,14051,29,102301
3163,14051,32,102331
3164,14051,34,102322
3165,14051,33,102322
3166,14051,36,1002
3167,14051,37,1002
3168,14051,38,101
3169,14051,35,1001
3170,14052,40,202312
3171,14052,41,202321
3172,14052,39,202312
3173,14052,44,202311
3174,14052,45,202311
3175,14052,46,202311
3176,14052,47,202311
3177,14052,42,202313
3178,14052,43,202313
3179,14052,49,202311
3180,14052,50,202311
3181,14052,51,202321
3182,14052,48,202311
3183,14052,53,202313
3184,14052,54,202311
3185,14052,55,202311
3186,14052,52,202313
3187,14052,56,202312
3188,14052,57,202312
3189,14052,59,202301
3190,14052,60,202301
3191,14052,61,202301
3192,14052,62,202301
3193,14052,63,202301
3194,14052,64,202301
3195,14052,65,202301
3196,14052,66,202301
3197,14052,67,202301
3198,14052,58,202301
3199,14052,70,202331
3200,14052,71,202322
3201,14052,72,202322
3202,14052,74,1002
3203,14052,75,1002
3204,14052,76,101
3205,14052,73,1001
3206,14053,78,302312
3207,14053,79,302321
3208,14053,77,302312
3209,14053,81,302313
3210,14053,82,302311
3211,14053,83,302311
3212,14053,84,302311
3213,14053,85,302311
3214,14053,80,302313
3215,14053,88,302311
3216,14053,89,302321
3217,14053,86,302311
3218,14053,87,302311
3219,14053,91,302313
3220,14053,92,302311
3221,14053,93,302311
3222,14053,90,302313
3223,14053,94,302312
3224,14053,95,302312
3225,14053,98,302301
3226,14053,99,302301
3227,14053,100,302301
3228,14053,101,302301
3229,14053,102,302301
3230,14053,103,302301
3231,14053,104,302301
3232,14053,105,302301
3233,14053,96,302301
3234,14053,97,302301
3235,14053,108,302331
3236,14053,109,302322
3237,14053,110,302322
3238,14053,114,101
3239,14053,111,1001
3240,14053,112,1002
3241,14053,113,1002
3242,14061,1,102421
3243,14061,2,102411
3244,14061,3,102411
3245,14061,4,102411
3246,14061,5,102411
3247,14061,15,102412
3248,14061,16,102412
3249,14061,6,102401
3250,14061,7,102401
3251,14061,8,102401
3252,14061,9,102401
3253,14061,10,102401
3254,14061,11,102401
3255,14061,12,102401
3256,14061,13,102401
3257,14061,14,102401
3258,14061,17,102421
3259,14061,18,102411
3260,14061,19,102411
3261,14061,20,102412
3262,14061,21,102412
3263,14061,22,102411
3264,14061,23,102411
3265,14061,24,102411
3266,14061,25,102411
3267,14061,26,102411
3268,14061,27,102411
3269,14061,29,102402
3270,14061,30,102402
3271,14061,31,102402
3272,14061,32,102402
3273,14061,33,102413
3274,14061,34,102413
3275,14061,28,102402
3276,14061,35,102422
3277,14061,36,102422
3278,14061,40,1002
3279,14061,41,1001
3280,14061,37,1002
3281,14061,38,1001
3282,14061,39,1002
3283,14062,42,202421
3284,14062,44,202411
3285,14062,45,202411
3286,14062,46,202411
3287,14062,43,202411
3288,14062,48,202401
3289,14062,49,202401
3290,14062,50,202401
3291,14062,51,202401
3292,14062,52,202401
3293,14062,53,202401
3294,14062,54,202401
3295,14062,55,202401
3296,14062,56,202412
3297,14062,57,202412
3298,14062,47,202401
3299,14062,58,202421
3300,14062,60,202411
3301,14062,59,202411
3302,14062,62,202412
3303,14062,61,202412
3304,14062,64,202411
3305,14062,65,202411
3306,14062,66,202411
3307,14062,67,202411
3308,14062,68,202411
3309,14062,63,202411
3310,14062,70,202402
3311,14062,71,202402
3312,14062,72,202402
3313,14062,73,202402
3314,14062,74,202413
3315,14062,75,202413
3316,14062,69,202402
3317,14062,76,202422
3318,14062,77,202422
3319,14062,79,1001
3320,14062,80,1002
3321,14062,81,1002
3322,14062,82,1001
3323,14062,78,1002
3324,14063,83,302421
3325,14063,87,302411
3326,14063,84,302411
3327,14063,85,302411
3328,14063,86,302411
3329,14063,89,302401
3330,14063,90,302401
3331,14063,91,302401
3332,14063,92,302401
3333,14063,93,302401
3334,14063,94,302401
3335,14063,95,302401
3336,14063,96,302401
3337,14063,97,302412
3338,14063,98,302412
3339,14063,88,302401
3340,14063,99,302421
3341,14063,100,302411
3342,14063,101,302411
3343,14063,103,302412
3344,14063,102,302412
3345,14063,106,302411
3346,14063,107,302411
3347,14063,108,302411
3348,14063,109,302411
3349,14063,104,302411
3350,14063,105,302411
3351,14063,112,302402
3352,14063,113,302402
3353,14063,114,302402
3354,14063,115,302413
3355,14063,116,302413
3356,14063,110,302402
3357,14063,111,302402
3358,14063,118,302422
3359,14063,117,302422
3360,14063,120,1001
3361,14063,121,1002
3362,14063,122,1002
3363,14063,123,1001
3364,14063,119,1002
3365,21011,1,102421
3366,21011,2,102411
3367,21011,3,102411
3368,21011,4,102411
3369,21011,5,102411
3370,21011,15,102412
3371,21011,16,102412
3372,21011,6,102401
3373,21011,7,102401
3374,21011,8,102401
3375,21011,9,102401
3376,21011,10,102401
3377,21011,11,102401
3378,21011,12,102401
3379,21011,13,102401
3380,21011,14,102401
3381,21011,17,102421
3382,21011,18,102411
3383,21011,19,102411
3384,21011,20,102412
3385,21011,21,102412
3386,21011,22,102411
3387,21011,23,102411
3388,21011,24,102411
3389,21011,25,102411
3390,21011,26,102411
3391,21011,27,102411
3392,21011,29,102402
3393,21011,30,102402
3394,21011,31,102402
3395,21011,32,102402
3396,21011,33,102413
3397,21011,34,102413
3398,21011,28,102402
3399,21011,35,102422
3400,21011,36,102422
3401,21011,40,1002
3402,21011,41,1001
3403,21011,37,1002
3404,21011,38,1001
3405,21011,39,1002
3406,21012,42,202421
3407,21012,44,202411
3408,21012,45,202411
3409,21012,46,202411
3410,21012,43,202411
3411,21012,48,202401
3412,21012,49,202401
3413,21012,50,202401
3414,21012,51,202401
3415,21012,52,202401
3416,21012,53,202401
3417,21012,54,202401
3418,21012,55,202401
3419,21012,56,202412
3420,21012,57,202412
3421,21012,47,202401
3422,21012,58,202421
3423,21012,60,202411
3424,21012,59,202411
3425,21012,62,202412
3426,21012,61,202412
3427,21012,64,202411
3428,21012,65,202411
3429,21012,66,202411
3430,21012,67,202411
3431,21012,68,202411
3432,21012,63,202411
3433,21012,70,202402
3434,21012,71,202402
3435,21012,72,202402
3436,21012,73,202402
3437,21012,74,202413
3438,21012,75,202413
3439,21012,69,202402
3440,21012,76,202422
3441,21012,77,202422
3442,21012,79,1001
3443,21012,80,1002
3444,21012,81,1002
3445,21012,82,1001
3446,21012,78,1002
3447,21013,83,302421
3448,21013,87,302411
3449,21013,84,302411
3450,21013,85,302411
3451,21013,86,302411
3452,21013,89,302401
3453,21013,90,302401
3454,21013,91,302401
3455,21013,92,302401
3456,21013,93,302401
3457,21013,94,302401
3458,21013,95,302401
3459,21013,96,302401
3460,21013,97,302412
3461,21013,98,302412
3462,21013,88,302401
3463,21013,99,302421
3464,21013,100,302411
3465,21013,101,302411
3466,21013,103,302412
3467,21013,102,302412
3468,21013,106,302411
3469,21013,107,302411
3470,21013,108,302411
3471,21013,109,302411
3472,21013,104,302411
3473,21013,105,302411
3474,21013,112,302402
3475,21013,113,302402
3476,21013,114,302402
3477,21013,115,302413
3478,21013,116,302413
3479,21013,110,302402
3480,21013,111,302402
3481,21013,118,302422
3482,21013,117,302422
3483,21013,120,1001
3484,21013,121,1002
3485,21013,122,1002
3486,21013,123,1001
3487,21013,119,1002
