ID,ShowName,Name,BattleID,PrecedentID,Energy,DailyTimes,Level,Drop,Experience,LoadingTex,Scene
11011,受袭击的补给通道,0-1,1,-1,5,10,0,10001;10002;10003;12001;40001;40002;40003;42001;70001;70002;70003;72001;100001;100002;100003;102001,88,camp,Level/lumina/lumina_1/$lumina_1F
11012,受袭击的补给通道,0-1,1,11061,7,5,0,10101;12101;12102;14101;40101;42101;42102;44101;70101;72101;72102;74101;100101;102101;102102;104101,123,camp,Level/lumina/lumina_1/$lumina_1F
11013,受袭击的补给通道,0-1,1,11062,10,3,0,10101;12101;14101;16101;40101;42101;44101;46101;70101;72101;74101;76101;100101;102101;104101;106101,176,camp,Level/lumina/lumina_1/$lumina_1F
11021,深入补给通道,0-1,1,11011,5,10,0,10001;10002;10003;12001;40001;40002;40003;42001;70001;70002;70003;72001;100001;100002;100003;102001,106,camp,Level/lumina/lumina_2/$lumina_2F
11022,深入补给通道,0-1,1,11012,7,5,0,10102;12101;12102;14101;40102;42101;42102;44101;70102;72101;72102;74101;100102;102101;102102;104101,148,camp,Level/lumina/lumina_2/$lumina_2F
11023,深入补给通道,0-1,1,11013,10,3,0,10102;12102;14102;16101;40102;42102;44102;46101;70102;72102;74102;76101;100102;102102;104102;106101,212,camp,Level/lumina/lumina_2/$lumina_2F
11031,废弃的矿坑,0-1,1,11021,5,10,0,10001;10002;10003;12001;40001;40002;40003;42001;70001;70002;70003;72001;100001;100002;100003;102001,119,cave1,Level/rockface/rockface_0/$rockface_0F
11032,废弃的矿坑,0-1,1,11022,7,5,0,10103;12101;12102;14101;40103;42101;42102;44101;70103;72101;72102;74101;100103;102101;102102;104101,166,cave1,Level/rockface/rockface_0/$rockface_0F
11033,废弃的矿坑,0-1,1,11023,10,3,0,10103;12103;14103;16101;40103;42103;44103;46101;70103;72103;74103;76101;100103;102103;104103;106101,238,cave1,Level/rockface/rockface_0/$rockface_0F
11041,矿坑二层,0-1,1,11031,5,10,0,10001;10002;10003;12001;40001;40002;40003;42001;70001;70002;70003;72001;100001;100002;100003;102001,131,cave1,Level/rockface/rockface_1/$rockface_1F
11042,矿坑二层,0-1,1,11032,7,5,0,10104;12101;12102;14101;40104;42101;42102;44101;70104;72101;72102;74101;100104;102101;102102;104101,183,cave1,Level/rockface/rockface_1/$rockface_1F
11043,矿坑二层,0-1,1,11033,10,3,0,10104;12104;14104;16101;40104;42104;44104;46101;70104;72104;74104;76101;100104;102104;104104;106101,262,cave1,Level/rockface/rockface_1/$rockface_1F
11051,矿坑三层,0-1,1,11041,5,10,0,10001;10002;10003;12001;40001;40002;40003;42001;70001;70002;70003;72001;100001;100002;100003;102001,142,cave1,Level/rockface/rockface_2/$rockface_2F
11052,矿坑三层,0-1,1,11042,7,5,0,10105;12101;12102;14101;40105;42101;42102;44101;70105;72101;72102;74101;100105;102101;102102;104101,198,cave1,Level/rockface/rockface_2/$rockface_2F
11053,矿坑三层,0-1,1,11043,10,3,0,10105;12105;14105;16101;40105;42105;44105;46101;70105;72105;74105;76101;100105;102105;104105;106101,284,cave1,Level/rockface/rockface_2/$rockface_2F
11061,突击队队长室,0-1,1,11051,6,10,0,12002;12003;12004;12005;42002;42003;42004;42005;72002;72003;72004;72005;102002;102003;102004;102005,174,boss1,Level/rockface/rockface_3/$rockface_3F
11062,突击队队长室,0-1,1,11052,8,5,0,14102;14103;14104;14105;44102;44103;44104;44105;74102;74103;74104;74105;104102;104103;104104;104105,243,boss1,Level/rockface/rockface_3/$rockface_3F
11063,突击队队长室,0-1,1,11053,12,3,0,16102;16103;16104;16105;46102;46103;46104;46105;76102;76103;76104;76105;106102;106103;106104;106105,348,boss1,Level/rockface/rockface_3/$rockface_3F
12011,埃尔库斯森林,0-1,2,11061,5,10,0,200006;200007;200008;202006;200006;200007;200008;202006;200006;200007;200008;202006;200006;200007;200008;202006,161,forest,Level/lumina/lumina_3/$lumina_3F
12012,埃尔库斯森林,0-1,2,12061,7,5,0,200106;202106;202107;204106;200106;202106;202107;204106;200106;202106;202107;204106;200106;202106;202107;204106,225,forest,Level/lumina/lumina_3/$lumina_3F
12013,埃尔库斯森林,0-1,2,12062,10,3,0,200106;202106;204106;206106;200106;202106;204106;206106;200106;202106;204106;206106;200106;202106;204106;206106,322,forest,Level/lumina/lumina_3/$lumina_3F
12021,暴躁的东部山丘,0-1,2,12011,5,10,0,200006;200007;200008;202006;200006;200007;200008;202006;200006;200007;200008;202006;200006;200007;200008;202006,170,forest,Level/lumina/lumina_4/$lumina_4F
12022,暴躁的东部山丘,0-1,2,12012,7,5,0,200107;202106;202107;204106;200107;202106;202107;204106;200107;202106;202107;204106;200107;202106;202107;204106,238,forest,Level/lumina/lumina_4/$lumina_4F
12023,暴躁的东部山丘,0-1,2,12013,10,3,0,200107;202107;204107;206106;200107;202107;204107;206106;200107;202107;204107;206106;200107;202107;204107;206106,340,forest,Level/lumina/lumina_4/$lumina_4F
12031,解救西北部山丘,0-1,2,12021,5,10,0,200006;200007;200008;202006;200006;200007;200008;202006;200006;200007;200008;202006;200006;200007;200008;202006,178,forest,Level/lumina/lumina_5/$lumina_5F
12032,解救西北部山丘,0-1,2,12022,7,5,0,200108;202106;202107;204106;200108;202106;202107;204106;200108;202106;202107;204106;200108;202106;202107;204106,249,forest,Level/lumina/lumina_5/$lumina_5F
12033,解救西北部山丘,0-1,2,12023,10,3,0,200108;202108;204108;206106;200108;202108;204108;206106;200108;202108;204108;206106;200108;202108;204108;206106,356,forest,Level/lumina/lumina_5/$lumina_5F
12041,探秘岩石精灵洞窟,0-1,2,12031,5,10,0,200006;200007;200008;202006;200006;200007;200008;202006;200006;200007;200008;202006;200006;200007;200008;202006,186,cave1,Level/rockface/rockface_4/$rockface_4F
12042,探秘岩石精灵洞窟,0-1,2,12032,7,5,0,10100;202106;202107;204106;40100;202106;202107;204106;70100;202106;202107;204106;100100;202106;202107;204106,260,cave1,Level/rockface/rockface_4/$rockface_4F
12043,探秘岩石精灵洞窟,0-1,2,12033,10,3,0,10100;12100;14100;206106;40100;42100;44100;206106;70100;72100;74100;206106;100100;102100;104100;206106,372,cave1,Level/rockface/rockface_4/$rockface_4F
12051,深入洞窟二层,0-1,2,12041,5,10,0,200006;200007;200008;202006;200006;200007;200008;202006;200006;200007;200008;202006;200006;200007;200008;202006,194,cave1,Level/rockface/rockface_5/$rockface_5F
12052,深入洞窟二层,0-1,2,12042,7,5,0,10109;202106;202108;204106;40109;202106;202108;204106;70109;202106;202108;204106;100109;202106;202108;204106,271,cave1,Level/rockface/rockface_5/$rockface_5F
12053,深入洞窟二层,0-1,2,12043,10,3,0,10109;12109;14109;206106;40109;42109;44109;206106;70109;72109;74109;206106;100109;102109;104109;206106,388,cave1,Level/rockface/rockface_5/$rockface_5F
12061,古代岩石巨人,0-1,2,12051,6,10,0,202007;202008;12000;12009;202007;202008;42000;42009;202007;202008;72000;72009;202007;202008;102000;102009,234,cave1,Level/rockface/rockface_6/$rockface_6F
12062,古代岩石巨人,0-1,2,12052,8,5,0,204107;204108;14100;14109;204107;204108;44100;44109;204107;204108;74100;74109;204107;204108;104100;104109,327,cave1,Level/rockface/rockface_6/$rockface_6F
12063,古代岩石巨人,0-1,2,12053,12,3,0,206107;206108;16100;16109;206107;206108;46100;46109;206107;206108;76100;76109;206107;206108;106100;106109,468,cave1,Level/rockface/rockface_6/$rockface_6F
13011,燃烧的山丘,0-1,3,12061,5,10,0,10101;10102;10103;12101;40101;40102;40103;42101;70101;70102;70103;72101;100101;100102;100103;102101,209,wall,Level/lumina/lumina_6/$lumina_6F
13012,燃烧的山丘,0-1,3,13061,7,5,0,10201;12201;12202;14201;40201;42201;42202;44201;70201;72201;72202;74201;100201;102201;102202;104201,292,wall,Level/lumina/lumina_6/$lumina_6F
13013,燃烧的山丘,0-1,3,13062,10,3,0,10201;12201;14201;16201;40201;42201;44201;46201;70201;72201;74201;76201;100201;102201;104201;106201,418,wall,Level/lumina/lumina_6/$lumina_6F
13021,外城封锁线,0-1,3,13011,5,10,0,10101;10102;10103;12101;40101;40102;40103;42101;70101;70102;70103;72101;100101;100102;100103;102101,216,wall,Level/lumina/lumina_7/$lumina_7F
13022,外城封锁线,0-1,3,13012,7,5,0,10202;12201;12202;14201;40202;42201;42202;44201;70202;72201;72202;74201;100202;102201;102202;104201,302,wall,Level/lumina/lumina_7/$lumina_7F
13023,外城封锁线,0-1,3,13013,10,3,0,10202;12202;14202;16201;40202;42202;44202;46201;70202;72202;74202;76201;100202;102202;104202;106201,432,wall,Level/lumina/lumina_7/$lumina_7F
13031,潜入外城一层,0-1,3,13021,5,10,0,10101;10102;10103;12101;40101;40102;40103;42101;70101;70102;70103;72101;100101;100102;100103;102101,223,newbie1,Level/Castle/OuterCastle_1F/$OuterCastle_1F
13032,潜入外城一层,0-1,3,13022,7,5,0,10203;12201;12202;14201;40203;42201;42202;44201;70203;72201;72202;74201;100203;102201;102202;104201,312,newbie1,Level/Castle/OuterCastle_1F/$OuterCastle_1F
13033,潜入外城一层,0-1,3,13023,10,3,0,10203;12203;14203;16201;40203;42203;44203;46201;70203;72203;74203;76201;100203;102203;104203;106201,446,newbie1,Level/Castle/OuterCastle_1F/$OuterCastle_1F
13041,外城二层西侧,0-1,3,13031,5,10,0,10101;10102;10103;12101;40101;40102;40103;42101;70101;70102;70103;72101;100101;100102;100103;102101,230,newbie1,Level/Castle/OuterCastle_2F/$OuterCastle_2F
13042,外城二层西侧,0-1,3,13032,7,5,0,10204;12201;12202;14201;40204;42201;42202;44201;70204;72201;72202;74201;100204;102201;102202;104201,322,newbie1,Level/Castle/OuterCastle_2F/$OuterCastle_2F
13043,外城二层西侧,0-1,3,13033,10,3,0,10204;12204;14204;16201;40204;42204;44204;46201;70204;72204;74204;76201;100204;102204;104204;106201,460,newbie1,Level/Castle/OuterCastle_2F/$OuterCastle_2F
13051,外城二层东侧,0-1,3,13041,5,10,0,10101;10102;10103;12101;40101;40102;40103;42101;70101;70102;70103;72101;100101;100102;100103;102101,237,newbie1,Level/Castle/OuterCastle_3F/$OuterCastle_3F
13052,外城二层东侧,0-1,3,13042,7,5,0,10205;12201;12202;14201;40205;42201;42202;44201;70205;72201;72202;74201;100205;102201;102202;104201,331,newbie1,Level/Castle/OuterCastle_3F/$OuterCastle_3F
13053,外城二层东侧,0-1,3,13043,10,3,0,10205;12205;14205;16201;40205;42205;44205;46201;70205;72205;74205;76201;100205;102205;104205;106201,474,newbie1,Level/Castle/OuterCastle_3F/$OuterCastle_3F
13061,独眼龙托儿波,0-1,3,13051,6,10,0,12102;12103;12104;12105;42102;42103;42104;42105;72102;72103;72104;72105;102102;102103;102104;102105,284,newbie1,Level/Castle/OuterCastle_4F/$OuterCastle_4F
13062,独眼龙托儿波,0-1,3,13052,8,5,0,14202;14203;14204;14205;44202;44203;44204;44205;74202;74203;74204;74205;104202;104203;104204;104205,397,newbie1,Level/Castle/OuterCastle_4F/$OuterCastle_4F
13063,独眼龙托儿波,0-1,3,13053,12,3,0,16202;16203;16204;16205;46202;46203;46204;46205;76202;76203;76204;76205;106202;106203;106204;106205,568,newbie1,Level/Castle/OuterCastle_4F/$OuterCastle_4F
14011,燃烧的城堡一层,0-1,4,13061,5,10,0,200106;200107;200108;202106;200106;200107;200108;202106;200106;200107;200108;202106;200106;200107;200108;202106,250,newbie1,Level/Castle/Capital_1F/$Capital_1F
14012,燃烧的城堡一层,0-1,4,14061,7,5,0,200206;202206;202207;204206;200206;202206;202207;204206;200206;202206;202207;204206;200206;202206;202207;204206,350,newbie1,Level/Castle/Capital_1F/$Capital_1F
14013,燃烧的城堡一层,0-1,4,14062,10,3,0,200206;202206;204206;206206;200206;202206;204206;206206;200206;202206;204206;206206;200206;202206;204206;206206,500,newbie1,Level/Castle/Capital_1F/$Capital_1F
14021,燃烧的城堡二层,0-1,4,14011,5,10,0,200106;200107;200108;202106;200106;200107;200108;202106;200106;200107;200108;202106;200106;200107;200108;202106,257,newbie1,Level/Castle/Capital_2F/$Capital_2F
14022,燃烧的城堡二层,0-1,4,14012,7,5,0,200207;202206;202207;204206;200207;202206;202207;204206;200207;202206;202207;204206;200207;202206;202207;204206,359,newbie1,Level/Castle/Capital_2F/$Capital_2F
14023,燃烧的城堡二层,0-1,4,14013,10,3,0,200207;202207;204207;206206;200207;202207;204207;206206;200207;202207;204207;206206;200207;202207;204207;206206,514,newbie1,Level/Castle/Capital_2F/$Capital_2F
14031,燃烧的城堡三层,0-1,4,14021,5,10,0,200106;200107;200108;202106;200106;200107;200108;202106;200106;200107;200108;202106;200106;200107;200108;202106,263,newbie1,Level/Castle/Capital_3F/$Capital_3F
14032,燃烧的城堡三层,0-1,4,14022,7,5,0,200208;202206;202207;204206;200208;202206;202207;204206;200208;202206;202207;204206;200208;202206;202207;204206,368,newbie1,Level/Castle/Capital_3F/$Capital_3F
14033,燃烧的城堡三层,0-1,4,14023,10,3,0,200208;202208;204208;206206;200208;202208;204208;206206;200208;202208;204208;206206;200208;202208;204208;206206,526,newbie1,Level/Castle/Capital_3F/$Capital_3F
14041,燃烧的城堡四层,0-1,4,14031,5,10,0,200106;200107;200108;202106;200106;200107;200108;202106;200106;200107;200108;202106;200106;200107;200108;202106,269,newbie1,Level/Castle/Capital_4F/$Capital_4F
14042,燃烧的城堡四层,0-1,4,14032,7,5,0,10200;202206;202207;204206;40200;202206;202207;204206;70200;202206;202207;204206;100200;202206;202207;204206,376,newbie1,Level/Castle/Capital_4F/$Capital_4F
14043,燃烧的城堡四层,0-1,4,14033,10,3,0,10200;12200;14200;206206;40200;42200;44200;206206;70200;72200;74200;206206;100200;102200;104200;206206,538,newbie1,Level/Castle/Capital_4F/$Capital_4F
14051,燃烧的城堡五层,0-1,4,14041,5,10,0,200106;200107;200108;202106;200106;200107;200108;202106;200106;200107;200108;202106;200106;200107;200108;202106,275,newbie1,Level/Castle/Capital_5F/$Capital_5F
14052,燃烧的城堡五层,0-1,4,14042,7,5,0,10209;202206;202207;204206;40209;202206;202207;204206;70209;202206;202207;204206;100209;202206;202207;204206,385,newbie1,Level/Castle/Capital_5F/$Capital_5F
14053,燃烧的城堡五层,0-1,4,14043,10,3,0,10209;12209;14209;206206;40209;42209;44209;206206;70209;72209;74209;206206;100209;102209;104209;206206,550,newbie1,Level/Castle/Capital_5F/$Capital_5F
14061,黑魔法师凯尔伯勒,0-1,4,14051,6,10,0,202107;202108;12100;12109;202107;202108;42100;42109;202107;202108;72100;72109;202107;202108;102100;102109,330,newbie1,Level/Castle/Capital_6F/$Capital_6F
14062,黑魔法师凯尔伯勒,0-1,4,14052,8,5,0,204207;204208;14200;14209;204207;204208;44200;44209;204207;204208;74200;74209;204207;204208;104200;104209,462,newbie1,Level/Castle/Capital_6F/$Capital_6F
14063,黑魔法师凯尔伯勒,0-1,4,14053,12,3,0,206207;206208;16200;16209;206207;206208;46200;46209;206207;206208;76200;76209;206207;206208;106200;106209,660,newbie1,Level/Castle/Capital_6F/$Capital_6F
21011,巴尔托勒族人,0-1,5,14061,5,10,0,10203;10204;10205;12203;40203;40204;40205;42203;70203;70204;70205;72203;100203;100204;100205;102203,280,chapter2,Level/Desert/Southern_Desert_1F/$Southern_Desert_1F
21012,巴尔托勒族人,0-1,5,21061,7,5,0,10201;12203;12204;14203;40201;42203;42204;44203;70201;72203;72204;74203;100201;102203;102204;104203,392,chapter2,Level/Desert/Southern_Desert_1F/$Southern_Desert_1F
21013,巴尔托勒族人,0-1,5,21062,10,3,0,10201;12201;14201;16203;40201;42201;44201;46203;70201;72201;74201;76203;100201;102201;104201;106203,560,chapter2,Level/Desert/Southern_Desert_1F/$Southern_Desert_1F
21021,探索灵魂沙漠,0-1,5,21011,5,10,0,10203;10204;10205;12203;40203;40204;40205;42203;70203;70204;70205;72203;100203;100204;100205;102203,285,desert,Level/Desert/Southern_Desert_2F/$Southern_Desert_2F
21022,探索灵魂沙漠,0-1,5,21012,7,5,0,10202;12203;12204;14203;40202;42203;42204;44203;70202;72203;72204;74203;100202;102203;102204;104203,399,desert,Level/Desert/Southern_Desert_2F/$Southern_Desert_2F
21023,探索灵魂沙漠,0-1,5,21013,10,3,0,10202;12202;14202;16203;40202;42202;44202;46203;70202;72202;74202;76203;100202;102202;104202;106203,570,desert,Level/Desert/Southern_Desert_2F/$Southern_Desert_2F
21031,荆棘巢穴一层,0-1,5,21021,5,10,0,10203;10204;10205;12203;40203;40204;40205;42203;70203;70204;70205;72203;100203;100204;100205;102203,292,worm,Level/Burrow/Burrow_1F/$Burrow_1F
21032,荆棘巢穴一层,0-1,5,21022,7,5,0,10203;12203;12204;14203;40203;42203;42204;44203;70203;72203;72204;74203;100203;102203;102204;104203,408,worm,Level/Burrow/Burrow_1F/$Burrow_1F
21033,荆棘巢穴一层,0-1,5,21023,10,3,0,10203;12203;14203;16203;40203;42203;44203;46203;70203;72203;74203;76203;100203;102203;104203;106203,584,worm,Level/Burrow/Burrow_1F/$Burrow_1F
21041,荆棘巢穴二层,0-1,5,21031,5,10,0,10203;10204;10205;12203;40203;40204;40205;42203;70203;70204;70205;72203;100203;100204;100205;102203,297,worm,Level/Burrow/Burrow_2F/$Burrow_2F
21042,荆棘巢穴二层,0-1,5,21032,7,5,0,10204;12203;12204;14203;40204;42203;42204;44203;70204;72203;72204;74203;100204;102203;102204;104203,415,worm,Level/Burrow/Burrow_2F/$Burrow_2F
21043,荆棘巢穴二层,0-1,5,21033,10,3,0,10204;12204;14204;16203;40204;42204;44204;46203;70204;72204;74204;76203;100204;102204;104204;106203,594,worm,Level/Burrow/Burrow_2F/$Burrow_2F
21051,荆棘巢穴三层,0-1,5,21041,5,10,0,10203;10204;10205;12203;40203;40204;40205;42203;70203;70204;70205;72203;100203;100204;100205;102203,303,worm,Level/Burrow/Burrow_3F/$Burrow_3F
21052,荆棘巢穴三层,0-1,5,21042,7,5,0,10205;12203;12204;14203;40205;42203;42204;44203;70205;72203;72204;74203;100205;102203;102204;104203,424,worm,Level/Burrow/Burrow_3F/$Burrow_3F
21053,荆棘巢穴三层,0-1,5,21043,10,3,0,10205;12205;14205;16203;40205;42205;44205;46203;70205;72205;74205;76203;100205;102205;104205;106203,606,worm,Level/Burrow/Burrow_3F/$Burrow_3F
21061,荆棘巢穴四层,0-1,5,21051,6,10,0,12204;12205;12202;12203;42204;42205;42202;42203;72204;72205;72202;72203;102204;102205;102202;102203,363,worm,Level/Burrow/Burrow_4F/$Burrow_4F
21062,荆棘巢穴四层,0-1,5,21052,8,5,0,14204;14205;204206;204207;44204;44205;204206;204207;74204;74205;204206;204207;104204;104205;204206;204207,508,worm,Level/Burrow/Burrow_4F/$Burrow_4F
21063,荆棘巢穴四层,0-1,5,21053,12,3,0,16204;16205;16202;16203;46204;46205;46202;46203;76204;76205;76202;76203;106204;106205;106202;106203,726,worm,Level/Burrow/Burrow_4F/$Burrow_4F
22011,灵魂沙漠南部,0-1,6,21061,5,10,0,200208;10200;10209;200208;200208;40200;40209;200208;200208;70200;70209;200208;200208;100200;100209;200208,314,desert,Level/Desert/Northern_Desert_1F/$Northern_Desert_1F
22012,灵魂沙漠南部,0-1,6,22061,7,5,0,200206;202208;12200;200206;200206;202208;42200;200206;200206;202208;72200;200206;200206;202208;102200;200206,439,desert,Level/Desert/Northern_Desert_1F/$Northern_Desert_1F
22013,灵魂沙漠南部,0-1,6,22062,10,3,0,200206;202206;204206;206208;200206;202206;204206;206208;200206;202206;204206;206208;200206;202206;204206;206208,628,desert,Level/Desert/Northern_Desert_1F/$Northern_Desert_1F
22021,深入灵魂沙漠,0-1,6,22011,5,10,0,200208;10200;10209;200208;200208;40200;40209;200208;200208;70200;70209;200208;200208;100200;100209;200208,320,desert,Level/Desert/Northern_Desert_2F/$Northern_Desert_2F
22022,深入灵魂沙漠,0-1,6,22012,7,5,0,200207;202208;12200;200207;200207;202208;42200;200207;200207;202208;72200;200207;200207;202208;102200;200207,448,desert,Level/Desert/Northern_Desert_2F/$Northern_Desert_2F
22023,深入灵魂沙漠,0-1,6,22013,10,3,0,200207;202207;204207;206208;200207;202207;204207;206208;200207;202207;204207;206208;200207;202207;204207;206208,640,desert,Level/Desert/Northern_Desert_2F/$Northern_Desert_2F
22031,荆棘孵化区域一层,0-1,6,22021,5,10,0,200208;10200;10209;200208;200208;40200;40209;200208;200208;70200;70209;200208;200208;100200;100209;200208,326,worm,Level/Burrow/Wormhole_1F/$Wormhole_1F
22032,荆棘孵化区域一层,0-1,6,22022,7,5,0,200208;202208;12200;200208;200208;202208;42200;200208;200208;202208;72200;200208;200208;202208;102200;200208,456,worm,Level/Burrow/Wormhole_1F/$Wormhole_1F
22033,荆棘孵化区域一层,0-1,6,22023,10,3,0,200208;202208;204208;206208;200208;202208;204208;206208;200208;202208;204208;206208;200208;202208;204208;206208,652,worm,Level/Burrow/Wormhole_1F/$Wormhole_1F
22041,荆棘孵化区域二层,0-1,6,22031,5,10,0,200208;10200;10209;200208;200208;40200;40209;200208;200208;70200;70209;200208;200208;100200;100209;200208,331,worm,Level/Burrow/Wormhole_2F/$Wormhole_2F
22042,荆棘孵化区域二层,0-1,6,22032,7,5,0,10200;202208;12200;202208;40200;202208;42200;202208;70200;202208;72200;202208;100200;202208;102200;202208,463,worm,Level/Burrow/Wormhole_2F/$Wormhole_2F
22043,荆棘孵化区域二层,0-1,6,22033,10,3,0,10200;12200;14200;206208;40200;42200;44200;206208;70200;72200;74200;206208;100200;102200;104200;206208,662,worm,Level/Burrow/Wormhole_2F/$Wormhole_2F
22051,荆棘孵化区域三层,0-1,6,22041,5,10,0,200208;10200;10209;200208;200208;40200;40209;200208;200208;70200;70209;200208;200208;100200;100209;200208,337,worm,Level/Burrow/Wormhole_3F/$Wormhole_3F
22052,荆棘孵化区域三层,0-1,6,22042,7,5,0,10209;202208;12200;202208;40209;202208;42200;202208;70209;202208;72200;202208;100209;202208;102200;202208,471,worm,Level/Burrow/Wormhole_3F/$Wormhole_3F
22053,荆棘孵化区域三层,0-1,6,22043,10,3,0,10209;12209;14209;206208;40209;42209;44209;206208;70209;72209;74209;206208;100209;102209;104209;206208,674,worm,Level/Burrow/Wormhole_3F/$Wormhole_3F
22061,昆昆的巢穴,0-1,6,22051,6,10,0,12200;12209;202207;202208;42200;42209;202207;202208;72200;72209;202207;202208;102200;102209;202207;202208,403,worm2,Level/Burrow/Wormhole_4F/$Wormhole_4F
22062,昆昆的巢穴,0-1,6,22052,8,5,0,14200;14209;204207;204208;44200;44209;204207;204208;74200;74209;204207;204208;104200;104209;204207;204208,564,worm2,Level/Burrow/Wormhole_4F/$Wormhole_4F
22063,昆昆的巢穴,0-1,6,22053,12,3,0,16200;16209;206207;206208;46200;46209;206207;206208;76200;76209;206207;206208;106200;106209;206207;206208,806,worm2,Level/Burrow/Wormhole_4F/$Wormhole_4F
23011,光之祠堂,0-1,7,22061,5,10,0,10201;10202;10203;12201;40201;40202;40203;42201;70201;70202;70203;72201;100201;100202;100203;102201,348,canyon,Level/Desert/Redrock_Canyon_1F/$Redrock_Canyon_1F
23012,光之祠堂,0-1,7,23061,7,5,0,10401;12401;12402;14401;40401;42401;42402;44401;70401;72401;72402;74401;100401;102401;102402;104401,487,canyon,Level/Desert/Redrock_Canyon_1F/$Redrock_Canyon_1F
23013,光之祠堂,0-1,7,23062,10,3,0,10401;12401;14401;16401;40401;42401;44401;46401;70401;72401;74401;76401;100401;102401;104401;106401,696,canyon,Level/Desert/Redrock_Canyon_1F/$Redrock_Canyon_1F
23021,暗之祠堂,0-1,7,23011,5,10,0,10201;10202;10203;12201;40201;40202;40203;42201;70201;70202;70203;72201;100201;100202;100203;102201,353,canyon,Level/Desert/Redrock_Canyon_2F/$Redrock_Canyon_2F
23022,暗之祠堂,0-1,7,23012,7,5,0,10402;12401;12402;14401;40402;42401;42402;44401;70402;72401;72402;74401;100402;102401;102402;104401,494,canyon,Level/Desert/Redrock_Canyon_2F/$Redrock_Canyon_2F
23023,暗之祠堂,0-1,7,23013,10,3,0,10402;12402;14402;16401;40402;42402;44402;46401;70402;72402;74402;76401;100402;102402;104402;106401,706,canyon,Level/Desert/Redrock_Canyon_2F/$Redrock_Canyon_2F
23031,时间之祠堂,0-1,7,23021,5,10,0,10201;10202;10203;12201;40201;40202;40203;42201;70201;70202;70203;72201;100201;100202;100203;102201,359,canyon,Level/Desert/Redrock_Canyon_3F/$Redrock_Canyon_3F
23032,时间之祠堂,0-1,7,23022,7,5,0,10403;12401;12402;14401;40403;42401;42402;44401;70403;72401;72402;74401;100403;102401;102402;104401,502,canyon,Level/Desert/Redrock_Canyon_3F/$Redrock_Canyon_3F
23033,时间之祠堂,0-1,7,23023,10,3,0,10403;12403;14403;16401;40403;42403;44403;46401;70403;72403;74403;76401;100403;102403;104403;106401,718,canyon,Level/Desert/Redrock_Canyon_3F/$Redrock_Canyon_3F
23041,地下墓地一层,0-1,7,23031,5,10,0,10201;10202;10203;12201;40201;40202;40203;42201;70201;70202;70203;72201;100201;100202;100203;102201,364,tomb,Level/Desert/Pyramid_1F/$Pyramid_1F
23042,地下墓地一层,0-1,7,23032,7,5,0,10404;12401;12402;14401;40404;42401;42402;44401;70404;72401;72402;74401;100404;102401;102402;104401,509,tomb,Level/Desert/Pyramid_1F/$Pyramid_1F
23043,地下墓地一层,0-1,7,23033,10,3,0,10404;12404;14404;16401;40404;42404;44404;46401;70404;72404;74404;76401;100404;102404;104404;106401,728,tomb,Level/Desert/Pyramid_1F/$Pyramid_1F
23051,地下墓地二层,0-1,7,23041,5,10,0,10201;10202;10203;12201;40201;40202;40203;42201;70201;70202;70203;72201;100201;100202;100203;102201,369,tomb,Level/Desert/Pyramid_2F/$Pyramid_2F
23052,地下墓地二层,0-1,7,23042,7,5,0,10405;12401;12402;14401;40405;42401;42402;44401;70405;72401;72402;74401;100405;102401;102402;104401,516,tomb,Level/Desert/Pyramid_2F/$Pyramid_2F
23053,地下墓地二层,0-1,7,23043,10,3,0,10405;12405;14405;16401;40405;42405;44405;46401;70405;72405;74405;76401;100405;102405;104405;106401,738,tomb,Level/Desert/Pyramid_2F/$Pyramid_2F
23061,守门人雷加斯,0-1,7,23051,6,10,0,12202;12203;12204;12205;42202;42203;42204;42205;72202;72203;72204;72205;102202;102203;102204;102205,442,tomb,Level/Desert/Pyramid_3F/$Pyramid_3F
23062,守门人雷加斯,0-1,7,23052,8,5,0,14402;14403;14404;14405;44402;44403;44404;44405;74402;74403;74404;74405;104402;104403;104404;104405,618,tomb,Level/Desert/Pyramid_3F/$Pyramid_3F
23063,守门人雷加斯,0-1,7,23053,12,3,0,16402;16403;16404;16405;46402;46403;46404;46405;76402;76403;76404;76405;106402;106403;106404;106405,884,tomb,Level/Desert/Pyramid_3F/$Pyramid_3F
24011,墓地警备区一层,0-1,8,23061,5,10,0,200206;200207;200208;202206;200206;200207;200208;202206;200206;200207;200208;202206;200206;200207;200208;202206,380,tomb,Level/Desert/Pyramid_Grave_1F/$Pyramid_Grave_1F
24012,墓地警备区一层,0-1,8,24061,7,5,0,200406;202406;202407;204406;200406;202406;202407;204406;200406;202406;202407;204406;200406;202406;202407;204406,532,tomb,Level/Desert/Pyramid_Grave_1F/$Pyramid_Grave_1F
24013,墓地警备区一层,0-1,8,24062,10,3,0,200406;202406;204406;206406;200406;202406;204406;206406;200406;202406;204406;206406;200406;202406;204406;206406,760,tomb,Level/Desert/Pyramid_Grave_1F/$Pyramid_Grave_1F
24021,墓地警备区二层,0-1,8,24011,5,10,0,200206;200207;200208;202206;200206;200207;200208;202206;200206;200207;200208;202206;200206;200207;200208;202206,385,tomb,Level/Desert/Pyramid_Grave_2F/$Pyramid_Grave_2F
24022,墓地警备区二层,0-1,8,24012,7,5,0,200407;202406;202407;204406;200407;202406;202407;204406;200407;202406;202407;204406;200407;202406;202407;204406,539,tomb,Level/Desert/Pyramid_Grave_2F/$Pyramid_Grave_2F
24023,墓地警备区二层,0-1,8,24013,10,3,0,200407;202407;204407;206406;200407;202407;204407;206406;200407;202407;204407;206406;200407;202407;204407;206406,770,tomb,Level/Desert/Pyramid_Grave_2F/$Pyramid_Grave_2F
24031,墓地警备区三层,0-1,8,24021,5,10,0,200206;200207;200208;202206;200206;200207;200208;202206;200206;200207;200208;202206;200206;200207;200208;202206,391,tomb,Level/Desert/Pyramid_Grave_3F/$Pyramid_Grave_3F
24032,墓地警备区三层,0-1,8,24022,7,5,0,200408;202406;202407;204406;200408;202406;202407;204406;200408;202406;202407;204406;200408;202406;202407;204406,547,tomb,Level/Desert/Pyramid_Grave_3F/$Pyramid_Grave_3F
24033,墓地警备区三层,0-1,8,24023,10,3,0,200408;202408;204408;206406;200408;202408;204408;206406;200408;202408;204408;206406;200408;202408;204408;206406,782,tomb,Level/Desert/Pyramid_Grave_3F/$Pyramid_Grave_3F
24041,墓地警备区四层,0-1,8,24031,5,10,0,200206;200207;200208;202206;200206;200207;200208;202206;200206;200207;200208;202206;200206;200207;200208;202206,396,tomb,Level/Desert/Pyramid_Grave_4F/$Pyramid_Grave_4F
24042,墓地警备区四层,0-1,8,24032,7,5,0,10400;202406;202407;204406;40400;202406;202407;204406;70400;202406;202407;204406;100400;202406;202407;204406,554,tomb,Level/Desert/Pyramid_Grave_4F/$Pyramid_Grave_4F
24043,墓地警备区四层,0-1,8,24033,10,3,0,10400;12400;14400;206406;40400;42400;44400;206406;70400;72400;74400;206406;100400;102400;104400;206406,792,tomb,Level/Desert/Pyramid_Grave_4F/$Pyramid_Grave_4F
24051,墓地警备区五层,0-1,8,24041,5,10,0,200206;200207;200208;202206;200206;200207;200208;202206;200206;200207;200208;202206;200206;200207;200208;202206,401,tomb,Level/Desert/Pyramid_Grave_5F/$Pyramid_Grave_5F
24052,墓地警备区五层,0-1,8,24042,7,5,0,10409;202406;202407;204406;40409;202406;202407;204406;70409;202406;202407;204406;100409;202406;202407;204406,561,tomb,Level/Desert/Pyramid_Grave_5F/$Pyramid_Grave_5F
24053,墓地警备区五层,0-1,8,24043,10,3,0,10409;12409;14409;206406;40409;42409;44409;206406;70409;72409;74409;206406;100409;102409;104409;206406,802,tomb,Level/Desert/Pyramid_Grave_5F/$Pyramid_Grave_5F
24061,沙基安女王拉巴蒂,0-1,8,24051,6,10,0,202207;202208;12200;12209;202207;202208;42200;42209;202207;202208;72200;72209;202207;202208;102200;102209,479,boss2,Level/Desert/Pyramid_Grave_6F/$Pyramid_Grave_6F
24062,沙基安女王拉巴蒂,0-1,8,24052,8,5,0,204407;204408;14400;14409;204407;204408;44400;44409;204407;204408;74400;74409;204407;204408;104400;104409,670,boss2,Level/Desert/Pyramid_Grave_6F/$Pyramid_Grave_6F
24063,沙基安女王拉巴蒂,0-1,8,24053,12,3,0,206407;206408;16400;16409;206407;206408;46400;46409;206407;206408;76400;76409;206407;206408;106400;106409,958,boss2,Level/Desert/Pyramid_Grave_6F/$Pyramid_Grave_6F
100101,狂暴者佐隆,0-1,100,-1,0,0,0,11301;11302;11303;12301;41301;41302;41303;42301;71301;71302;71303;72301;101301;101302;101303;102301,0,dark,Level/Activities/Activities_Rockface/$Activities_Rockface
100102,古代岩石巨人,0-1,102,-1,0,0,0,11301;12301;12302;13301;41301;42301;42302;43301;71301;72301;72302;73301;101301;102301;102302;103301,0,dark,Level/Activities/Activities_Rockface/$Activities_Rockface
100201,特林特,0-1,101,-1,0,0,0,11301;12301;13301;15301;41301;42301;43301;45301;71301;72301;73301;75301;101301;102301;103301;105301,0,dark,Level/Activities/Activities_Lumina/$Activities_Lumina
100301,守门将克列加尔,0-1,103,-1,0,0,0,11301;11302;11303;12301;41301;41302;41303;42301;71301;71302;71303;72301;101301;101302;101303;102301,0,dark,Level/Activities/Activities_Castle/$Activities_Castle
100401,独眼龙托尔波,0-1,104,-1,0,0,0,11302;12301;12302;13301;41302;42301;42302;43301;71302;72301;72302;73301;101302;102301;102302;103301,0,dark,Level/Activities/Activities_Pyramid/$Activities_Pyramid
100501,堕落军营地,0-1,104,-1,0,0,0,11302;12301;12302;13301;41302;42301;42302;43301;71302;72301;72302;73301;101302;102301;102302;103301,0,forest,Level/Activities/Camp_Lumina/$Camp_Lumina
