uid,dwTemplateID,strName,dwClassID,byLevel,byIsPassive,byShape,byDamegePro,byJob,nLearnLevel,dwTotalSkillTreePoint,dwCostSkillPoint,byWeaponFlag,dwCostSP,byIsLead,bypreparetimes,byPeriodicDamage,dwPeriodicTraumaHP,byDamageFrequency,dwCooldown,Buffid,Description,icon,Index,parentid,NextLevel,UnLimited
10001,1001,普攻-洞鼠,10001,1,0,0,0,1,1,0,0,0,0,0,0,0,0,0,2000,0,,0,1,0,0,0
10002,1001,普攻-地精监视兵,10002,1,0,0,0,1,1,0,0,0,0,0,0,0,0,0,2000,0,,0,1,0,0,0
10003,1001,普攻-狂暴者佐隆,10003,1,0,0,0,1,1,0,0,0,0,0,0,0,0,0,2000,0,,0,1,0,0,0
1001,1001,普攻-地精小偷,1001,1,0,0,0,1,1,0,0,0,0,0,0,0,0,0,2000,0,,0,1,0,0,0
1002,1001,普攻-兽人掠夺者,1002,1,0,0,0,1,1,0,0,0,0,0,0,0,0,0,2000,0,,0,1,0,0,0
1003,1001,普攻-简易帐篷,1003,1,0,0,0,1,1,0,0,0,0,0,0,0,0,0,2000,0,,0,1,0,0,0
1004,1001,普攻-豺狼人侦察兵,1004,1,0,0,0,1,1,0,0,0,0,0,0,0,0,0,3000,0,,0,1,0,0,0
1005,1001,普攻-洞鼠,1005,1,0,0,0,1,1,0,0,0,0,0,0,0,0,0,2000,0,,0,1,0,0,0
1006,1001,普攻-地精士兵,1006,1,0,0,0,1,1,0,0,0,0,0,0,0,0,0,2000,0,,0,1,0,0,0
1007,1001,普攻-地精监视兵,1007,1,0,0,0,1,1,0,0,0,0,0,0,0,0,0,2000,0,,0,1,0,0,0
1008,1001,普攻-警卫狼狗,1008,1,0,0,0,1,1,0,0,0,0,0,0,0,0,0,2000,0,,0,1,0,0,0
1009,1001,普攻-地精炸弹技术者,1009,1,0,0,0,1,1,0,0,0,0,0,0,0,0,0,2000,0,,0,1,0,0,0
1010,1001,普攻-食人魔工人,1010,1,0,0,0,1,1,0,0,0,0,0,0,0,0,0,2000,0,,0,1,0,0,0
1011,1001,普攻-狂暴者佐隆,1011,1,0,0,0,1,1,0,0,0,0,0,0,0,0,0,3000,0,,0,1,0,0,0
1012,1001,普攻-史莱姆,1012,1,0,0,0,1,1,0,0,0,0,0,0,0,0,0,2000,0,,0,1,0,0,0
1013,1001,普攻-森林狼,1013,1,0,0,0,1,1,0,0,0,0,0,0,0,0,0,2000,0,,0,1,0,0,0
1014,1001,普攻-曼陀罗,1014,1,0,0,0,1,1,0,0,0,0,0,0,0,0,0,2000,0,,0,1,0,0,0
1015,1001,普攻-森林蜘蛛,1015,1,0,0,0,1,1,0,0,0,0,0,0,0,0,0,2000,0,,0,1,0,0,0
1016,1001,普攻-森林小恶魔,1016,1,0,0,0,1,1,0,0,0,0,0,0,0,0,0,2000,0,,0,1,0,0,0
1017,1001,普攻-幼虫小恶魔,1017,1,0,0,0,1,1,0,0,0,0,0,0,0,0,0,2000,0,,0,1,0,0,0
1018,1001,普攻-特林特,1018,1,0,0,0,1,1,0,0,0,0,0,0,0,0,0,2000,0,,0,1,0,0,0
1019,1001,普攻-小洞穴蜘蛛,1019,1,0,0,0,1,1,0,0,0,0,0,0,0,0,0,2000,0,,0,1,0,0,0
1020,1001,普攻-母洞穴蜘蛛,1020,1,0,0,0,1,1,0,0,0,0,0,0,0,0,0,2000,0,,0,1,0,0,0
1021,1001,普攻-岩石精灵,1021,1,0,0,0,1,1,0,0,0,0,0,0,0,0,0,3000,0,,0,1,0,0,0
1022,1001,普攻-兽人精灵术士,1022,1,0,0,0,1,1,0,0,0,0,0,0,0,0,0,2000,0,,0,1,0,0,0
1023,1001,普攻-愤怒岩石精灵,1023,1,0,0,0,1,1,0,0,0,0,0,0,0,0,0,3000,0,,0,1,0,0,0
1024,1001,普攻-岩石巨人,1024,1,0,0,0,1,1,0,0,0,0,0,0,0,0,0,4000,0,,0,1,0,0,0
1025,1001,普攻-古代岩石巨人,1025,1,0,0,0,1,1,0,0,0,0,0,0,0,0,0,5000,0,,0,1,0,0,0
1026,1001,普攻-乌鸦,1026,1,0,0,0,1,1,0,0,0,0,0,0,0,0,0,2000,0,,0,1,0,0,0
1027,1001,普攻-军团狼,1027,1,0,0,0,1,1,0,0,0,0,0,0,0,0,0,2000,0,,0,1,0,0,0
1028,1001,普攻-地精警卫兵,1028,1,0,0,0,1,1,0,0,0,0,0,0,0,0,0,2000,0,,0,1,0,0,0
1029,1001,普攻-兽人突击兵,1029,1,0,0,0,1,1,0,0,0,0,0,0,0,0,0,2000,0,,0,1,0,0,0
1030,1001,普攻-食人魔勇士,1030,1,0,0,0,1,1,0,0,0,0,0,0,0,0,0,2500,0,,0,1,0,0,0
1031,1001,普攻-蝙蝠,1031,1,0,0,0,1,1,0,0,0,0,0,0,0,0,0,2000,0,,0,1,0,0,0
1032,1001,普攻-地精精锐兵,1032,1,0,0,0,1,1,0,0,0,0,0,0,0,0,0,2000,0,,0,1,0,0,0
1033,1001,普攻-豺狼人弩箭手,1033,1,0,0,0,1,1,0,0,0,0,0,0,0,0,0,3500,0,,0,1,0,0,0
1034,1001,普攻-兽人分队长,1034,1,0,0,0,1,1,0,0,0,0,0,0,0,0,0,2000,0,,0,1,0,0,0
1035,1001,普攻-守门将克列加尔,1035,1,0,0,0,1,1,0,0,0,0,0,0,0,0,0,2000,0,,0,1,0,0,0
1036,1001,普攻-地精喇叭手,1036,1,0,0,0,1,1,0,0,0,0,0,0,0,0,0,2000,0,,0,1,0,0,0
1037,1001,普攻-守门将贝格尔,1037,1,0,0,0,1,1,0,0,0,0,0,0,0,0,0,2000,0,,0,1,0,0,0
1038,1001,普攻-守门将卡斯帕,1038,1,0,0,0,1,1,0,0,0,0,0,0,0,0,0,3500,0,,0,1,0,0,0
1039,1001,普攻-独眼龙托尔波,1039,1,0,0,0,1,1,0,0,0,0,0,0,0,0,0,2000,0,,0,1,0,0,0
1040,1001,普攻-地精御林军,1040,1,0,0,0,1,1,0,0,0,0,0,0,0,0,0,2000,0,,0,1,0,0,0
1041,1001,普攻-豺狼人狙击手,1041,1,0,0,0,1,1,0,0,0,0,0,0,0,0,0,2000,0,,0,1,0,0,0
1042,1001,普攻-百发百中的赛波,1042,1,0,0,0,1,1,0,0,0,0,0,0,0,0,0,3500,0,,0,1,0,0,0
1043,1001,普攻-刽子手贝克塔鲁,1043,1,0,0,0,1,1,0,0,0,0,0,0,0,0,0,2000,0,,0,1,0,0,0
1044,1001,普攻-兽人百夫长,1044,1,0,0,0,1,1,0,0,0,0,0,0,0,0,0,2000,0,,0,1,0,0,0
1045,1001,普攻-达人塔姆,1045,1,0,0,0,1,1,0,0,0,0,0,0,0,0,0,2000,0,,0,1,0,0,0
1046,1001,普攻-屠杀者隆多,1046,1,0,0,0,1,1,0,0,0,0,0,0,0,0,0,7000,0,,0,1,0,0,0
1047,1001,普攻-兽人屠杀者,1047,1,0,0,0,1,1,0,0,0,0,0,0,0,0,0,7000,0,,0,1,0,0,0
1048,1001,普攻-学徒阿尔贝托,1048,1,0,0,0,1,1,0,0,0,0,0,0,0,0,0,2000,0,,0,1,0,0,0
1049,1001,普攻-黑魔法师凯尔伯勒,1049,1,0,0,0,1,1,0,0,0,0,0,0,0,0,0,4000,0,,0,1,0,0,0
1050,1001,普攻-昆昆幼虫,1050,1,0,0,0,1,1,0,0,0,0,0,0,0,0,0,2500,0,,0,1,0,0,0
1051,1001,普攻-铁螳螂,1051,1,0,0,0,1,1,0,0,0,0,0,0,0,0,0,3500,0,,0,1,0,0,0
1052,1001,普攻-虫巢（召唤小虫子）,1052,1,0,0,0,1,1,0,0,0,0,0,0,0,0,0,5000,0,,0,1,0,0,0
1053,1001,普攻-毒虫,1053,1,0,0,0,1,1,0,0,0,0,0,0,0,0,0,1500,0,,0,1,0,0,0
1054,1001,普攻-堕落守护者,1054,1,0,0,0,1,1,0,0,0,0,0,0,0,0,0,2000,0,,0,1,0,0,0
1055,1001,普攻-守护者,1055,1,0,0,0,1,1,0,0,0,0,0,0,0,0,0,2000,0,,0,1,0,0,0
1056,1001,普攻-豺狼人弩箭手（Boss）,1056,1,0,0,0,1,1,0,0,0,0,0,0,0,0,0,3000,0,,0,1,0,0,0
1057,1001,普攻-豺狼人狙击手（Boss）,1057,1,0,0,0,1,1,0,0,0,0,0,0,0,0,0,3000,0,,0,1,0,0,0
1058,1001,普攻-小妖精密探,1058,1,0,0,0,1,1,0,0,0,0,0,0,0,0,0,2000,0,,0,1,0,0,0
1059,1001,普攻-藤蔓花,1059,1,0,0,0,1,1,0,0,0,0,0,0,0,0,0,2000,0,,0,1,0,0,0
1060,1001,普攻-地精炸弹技术者（Boss),1060,1,0,0,0,1,1,0,0,0,0,0,0,0,0,0,3000,0,,0,1,0,0,0
1061,1001,普攻-地精警卫兵（Boss）,1061,1,0,0,0,1,1,0,0,0,0,0,0,0,0,0,3000,0,,0,1,0,0,0
1062,1001,普攻-地精监视兵（Boss）,1062,1,0,0,0,1,1,0,0,0,0,0,0,0,0,0,3000,0,,0,1,0,0,0
1063,1001,普攻-小蜥蜴王,1063,1,0,0,0,1,1,0,0,0,0,0,0,0,0,0,2500,0,,0,1,0,0,0
1064,1001,普攻-毒幼虫,1064,1,0,0,0,1,1,0,0,0,0,0,0,0,0,0,2000,0,,0,1,0,0,0
1065,1001,普攻-沙基安屠杀者,1065,1,0,0,0,1,1,0,0,0,0,0,0,0,0,0,2000,0,,0,1,0,0,0
1066,1001,普攻-破灭之沙基安,1066,1,0,0,0,1,1,0,0,0,0,0,0,0,0,0,2000,0,,0,1,0,0,0
1067,1001,普攻-昆昆（Boss）,1067,1,0,0,0,1,1,0,0,0,0,0,0,0,0,0,6000,0,,0,1,0,0,0
1068,1001,普攻-女王沙漠蚂蚁（召唤小虫子）,1068,1,0,0,0,1,1,0,0,0,0,0,0,0,0,0,2000,0,,0,1,0,0,0
1069,1001,普攻-小妖精守门人,1069,1,0,0,0,1,1,0,0,0,0,0,0,0,0,0,2000,0,,0,1,0,0,0
1070,1001,普攻-惩罚之沙基安,1070,1,0,0,0,1,1,0,0,0,0,0,0,0,0,0,3000,0,,0,1,0,0,0
1071,1001,普攻-修拉克,1071,1,0,0,0,1,1,0,0,0,0,0,0,0,0,0,3000,0,,0,1,0,0,0
1072,1001,普攻-守门人雷加斯（Boss）,1072,1,0,0,0,1,1,0,0,0,0,0,0,0,0,0,3000,0,,0,1,0,0,0
1073,1001,普攻-不屈之沙基安,1073,1,0,0,0,1,1,0,0,0,0,0,0,0,0,0,2000,0,,0,1,0,0,0
1074,1001,普攻-沙漠蚂蚁,1074,1,0,0,0,1,1,0,0,0,0,0,0,0,0,0,2000,0,,0,1,0,0,0
1075,1001,普攻-幼虫,1075,1,0,0,0,1,1,0,0,0,0,0,0,0,0,0,2000,0,,0,1,0,0,0
1076,1001,普攻-秃鹰,1076,1,0,0,0,1,1,0,0,0,0,0,0,0,0,0,2000,0,,0,1,0,0,0
1077,1001,普攻-甲壳虫,1077,1,0,0,0,1,1,0,0,0,0,0,0,0,0,0,2000,0,,0,1,0,0,0
1078,1001,普攻-地精监视兵,1078,1,0,0,0,1,1,0,0,0,0,0,0,0,0,0,3000,0,,0,1,0,0,0
1079,1001,普攻-幼虫小恶魔（boss),1079,1,0,0,0,1,1,0,0,0,0,0,0,0,0,0,2000,0,,0,1,0,0,0
1080,1001,普攻-女王拉巴蒂,1080,1,0,0,0,1,1,0,0,0,0,0,0,0,0,0,4000,0,,0,1,0,0,0
1081,1001,普攻-巨爪巴布（boss）,1081,1,0,0,0,1,1,0,0,0,0,0,0,0,0,0,2500,0,,0,1,0,0,0
1082,1001,普攻-古代岩蚁,1082,1,0,0,0,1,1,0,0,0,0,0,0,0,0,0,4000,0,,0,1,0,0,0
1083,1001,普攻-毒爆虫,1083,1,0,0,0,1,1,0,0,0,0,0,0,0,0,0,2000,0,,0,1,0,0,0
1084,1001,普攻-女王沙漠蚂蚁（boss）,1084,1,0,0,0,1,1,0,0,0,0,0,0,0,0,0,2000,0,,0,1,0,0,0
1085,1001,普攻-藤蔓花（boss）,1085,1,0,0,0,1,1,0,0,0,0,0,0,0,0,0,2000,0,,0,1,0,0,0
1086,1001,普攻-小妖精密探（boss）,1086,1,0,0,0,1,1,0,0,0,0,0,0,0,0,0,2000,0,,0,1,0,0,0
1087,1001,普攻-铁螳螂（boss）,1087,1,0,0,0,1,1,0,0,0,0,0,0,0,0,0,3500,0,,0,1,0,0,0
1088,1001,普攻-甲壳虫（boss）,1088,1,0,0,0,1,1,0,0,0,0,0,0,0,0,0,2000,0,,0,1,0,0,0
1089,1001,普攻-小蜥蜴王（boss）,1089,1,0,0,0,1,1,0,0,0,0,0,0,0,0,0,3000,0,,0,1,0,0,0
1090,1001,普攻-近战沙基安（boss）,1090,1,0,0,0,1,1,0,0,0,0,0,0,0,0,0,2000,0,,0,1,0,0,0
1091,1001,普攻-长矛沙基安（boss）,1091,1,0,0,0,1,1,0,0,0,0,0,0,0,0,0,2000,0,,0,1,0,0,0
1092,1001,普攻-甲虫傀儡,1092,1,0,0,0,1,1,0,0,0,0,0,0,0,0,0,3000,0,,0,1,0,0,0
1093,1001,普攻-昆昆幼虫（boss）,1093,1,0,0,0,1,1,0,0,0,0,0,0,0,0,0,3000,0,,0,1,0,0,0
1094,1001,普攻-魔法沙基安（boss）,1094,1,0,0,0,1,1,0,0,0,0,0,0,0,0,0,3000,0,,0,1,0,0,0
3001,1002,技能-兽人掠夺者,3001,1,0,0,0,1,1,0,0,0,0,0,0,0,0,0,0,0,,0,1,0,0,0
3002,1002,技能-兽人精灵术士,3002,1,0,0,0,1,1,0,0,0,0,0,0,0,0,0,0,0,,0,1,0,0,0
3003,1002,技能-岩石巨人,3003,1,0,0,0,1,1,0,0,0,0,0,0,0,0,0,0,0,,0,1,0,0,0
3004,1002,技能-兽人突击兵,3004,1,0,0,0,1,1,0,0,0,0,0,0,0,0,0,0,0,,0,1,0,0,0
3005,1002,技能-守门将克列加尔,3005,1,0,0,0,1,1,0,0,0,0,0,0,0,0,0,0,0,,0,1,0,0,0
3006,1002,技能-守门将贝格尔,3006,1,0,0,0,1,1,0,0,0,0,0,0,0,0,0,0,0,,0,1,0,0,0
3007,1002,技能1-独眼龙托尔波,3007,1,0,0,0,1,1,0,0,0,0,0,0,0,0,0,0,0,,0,1,0,0,0
3008,1003,技能2-独眼龙托尔波,3008,1,0,0,0,1,1,0,0,0,0,0,0,0,0,0,0,0,,0,1,0,0,0
3009,1004,技能3-独眼龙托尔波,3009,1,0,0,0,1,1,0,0,0,0,0,0,0,0,0,0,0,,0,1,0,0,0
3010,1002,技能-刽子手贝克塔鲁,3010,1,0,0,0,1,1,0,0,0,0,0,0,0,0,0,0,0,,0,1,0,0,0
3011,1002,技能-达人塔姆,3011,1,0,0,0,1,1,0,0,0,0,0,0,0,0,0,0,0,,0,1,0,0,0
3012,1002,技能-学徒阿尔贝托,3012,1,0,0,0,1,1,0,0,0,0,0,0,0,0,0,0,0,,0,1,0,0,0
3013,1002,技能-狂暴者佐隆,3013,1,0,0,0,1,1,0,0,0,0,0,0,0,0,0,0,0,,0,1,0,0,0
3014,1002,技能-豺狼人弩箭手,3014,1,0,0,0,1,1,0,0,0,0,0,0,0,0,0,0,0,,0,1,0,0,0
3015,1002,古代岩石巨人(左侧攻击）,3015,1,0,0,0,1,1,0,0,0,0,0,0,0,0,0,0,0,,0,1,0,0,0
3016,1003,古代岩石巨人(右侧攻击）,3016,1,0,0,0,1,1,0,0,0,0,0,0,0,0,0,0,0,,0,1,0,0,0
3017,1004,古代岩石巨人(前方长方形）,3017,1,0,0,0,1,1,0,0,0,0,0,0,0,0,0,0,0,,0,1,0,0,0
3018,1005,古代岩石巨人(前方攻击）,3018,1,0,0,0,1,1,0,0,0,0,0,0,0,0,0,0,0,,0,1,0,0,0
3019,1006,古代岩石巨人(召唤落石）,3019,1,0,0,0,1,1,0,0,0,0,0,0,0,0,0,0,0,,0,1,0,0,0
3020,1003,技能-豺狼人弩箭手（消失）,3020,1,0,0,0,1,1,0,0,0,0,0,0,0,0,0,0,0,,0,1,0,0,0
3021,1002,技能1-独眼龙托尔波,3021,1,0,0,0,1,1,0,0,0,0,0,0,0,0,0,0,0,,0,1,0,0,0
3022,1003,技能2-独眼龙托尔波,3022,1,0,0,0,1,1,0,0,0,0,0,0,0,0,0,0,0,,0,1,0,0,0
3023,1004,技能3-独眼龙托尔波,3023,1,0,0,0,1,1,0,0,0,0,0,0,0,0,0,0,0,,0,1,0,0,0
3024,1002,技能-地精监视兵boss,3024,1,0,0,0,1,1,0,0,0,0,0,0,0,0,0,0,0,,0,1,0,0,0
3025,1004,技能-食人魔勇士,3025,1,0,0,0,1,1,0,0,0,0,0,0,0,0,0,0,0,,0,1,0,0,0
3026,1003,技能-狂暴者佐隆（拉人）,3026,1,0,0,0,1,1,0,0,0,0,0,0,0,0,0,0,0,,0,1,0,0,0
3027,1002,技能-特林特（拉人）,3027,1,0,0,0,1,1,0,0,0,0,0,0,0,0,0,0,0,,0,1,0,0,0
3028,1003,技能-特林特（旋风）,3028,1,0,0,0,1,1,0,0,0,0,0,0,0,0,0,0,0,,0,1,0,0,0
3029,1002,技能-幼虫小恶魔（boss),3029,1,0,0,0,1,1,0,0,0,0,0,0,0,0,0,0,0,,0,1,0,0,0
3030,1003,技能2-岩石巨人,3030,1,0,0,0,1,1,0,0,0,0,0,0,0,0,0,0,0,,0,1,0,0,0
3031,1004,技能3-岩石巨人,3031,1,0,0,0,1,1,0,0,0,0,0,0,0,0,0,0,0,,0,1,0,0,0
3032,1003,技能-兽人突击兵（击飞）,3032,1,0,0,0,1,1,0,0,0,0,0,0,0,0,0,0,0,,0,1,0,0,0
3033,1003,技能-食人魔勇士（击晕）,3033,1,0,0,0,1,1,0,0,0,0,0,0,0,0,0,0,0,,0,1,0,0,0
3034,1003,技能-地精精锐兵boss（多重）,3034,1,0,0,0,1,1,0,0,0,0,0,0,0,0,0,0,0,,0,1,0,0,0
3035,1005,技能1-独眼龙旋风斩（狂暴）,3035,1,0,0,0,1,1,0,0,0,0,0,0,0,0,0,0,0,,0,1,0,0,0
3036,1006,技能2-独眼龙击退（狂暴）,3036,1,0,0,0,1,1,0,0,0,0,0,0,0,0,0,0,0,,0,1,0,0,0
3037,1002,黑魔法师(前方长方形）,3037,1,0,0,0,1,1,0,0,0,0,0,0,0,0,0,0,0,,0,1,0,0,0
3038,1003,黑魔法师（召唤陷阱）,3038,1,0,0,0,1,1,0,0,0,0,0,0,0,0,0,0,0,,0,1,0,0,0
3039,1004,黑魔法师（消失）,3039,1,0,0,0,1,1,0,0,0,0,0,0,0,0,0,0,0,,0,1,0,0,0
3040,1005,黑魔法师（狂暴召唤陷阱）,3040,1,0,0,0,1,1,0,0,0,0,0,0,0,0,0,0,0,,0,1,0,0,0
3041,1006,黑魔法师（360度）,3041,1,0,0,0,1,1,0,0,0,0,0,0,0,0,0,0,0,,0,1,0,0,0
3042,1003,技能-豺狼人弩箭手（消失）,3042,1,0,0,0,1,1,0,0,0,0,0,0,0,0,0,0,0,,0,1,0,0,0
3043,1004,深渊-狂暴者佐隆（秒杀）,3043,1,0,0,0,1,1,0,0,0,0,0,0,0,0,0,0,0,,0,1,0,0,0
3044,1003,深渊-特林特（秒杀）,3044,1,0,0,0,1,1,0,0,0,0,0,0,0,0,0,0,0,,0,1,0,0,0
3045,1007,深渊-古代岩石巨人（秒杀）,3045,1,0,0,0,1,1,0,0,0,0,0,0,0,0,0,0,0,,0,1,0,0,0
3046,1004,深渊-狂暴者佐隆（秒杀）,3046,1,0,0,0,1,1,0,0,0,0,0,0,0,0,0,0,0,,0,1,0,0,0
3047,1002,技能-甲壳虫(boss)翅膀扇动,3047,1,0,0,0,1,1,0,0,0,0,0,0,0,0,0,0,0,,0,1,0,0,0
3048,1002,技能-铁螳螂怪（boss）,3048,1,0,0,0,1,1,0,0,0,0,0,0,0,0,0,0,0,,0,1,0,0,0
3049,1002,技能-小妖精密探（boss）,3049,1,0,0,0,1,1,0,0,0,0,0,0,0,0,0,0,0,,0,1,0,0,0
3050,1002,技能-藤蔓花（boss）,3050,1,0,0,0,1,1,0,0,0,0,0,0,0,0,0,0,0,,0,1,0,0,0
3052,1002,技能-女王蚂蚁（boss）,3052,1,0,0,0,1,1,0,0,0,0,0,0,0,0,0,0,0,,0,1,0,0,0
3053,1002,技能-小蜥蜴王（boss）,3053,1,0,0,0,1,1,0,0,0,0,0,0,0,0,0,0,0,,0,1,0,0,0
3054,1002,技能-近战沙基安（boss）,3054,1,0,0,0,1,1,0,0,0,0,0,0,0,0,0,0,0,,0,1,0,0,0
3055,1002,技能-长矛沙基安（boss）,3055,1,0,0,0,1,1,0,0,0,0,0,0,0,0,0,0,0,,0,1,0,0,0
3056,1003,技能-小妖精密探360（boss）,3056,1,0,0,0,1,1,0,0,0,0,0,0,0,0,0,0,0,,0,1,0,0,0
3057,1002,技能-昆昆幼虫（boss）,3057,1,0,0,0,1,1,0,0,0,0,0,0,0,0,0,0,0,,0,1,0,0,0
3058,1003,技能-藤蔓花近战（boss）,3058,1,0,0,0,1,1,0,0,0,0,0,0,0,0,0,0,0,,0,1,0,0,0
3059,1002,技能-巨爪巴布红弹,3059,1,0,0,0,1,1,0,0,0,0,0,0,0,0,0,0,0,,0,1,0,0,0
3060,1003,技能-巨爪巴布绿弹,3060,1,0,0,0,1,1,0,0,0,0,0,0,0,0,0,0,0,,0,1,0,0,0
3061,1002,技能-甲虫傀儡,3061,1,0,0,0,1,1,0,0,0,0,0,0,0,0,0,0,0,,0,1,0,0,0
3062,1002,技能-毒爆虫（爆炸）,3062,1,0,0,0,1,1,0,0,0,0,0,0,0,0,0,0,0,,0,1,0,0,0
3063,1002,技能-堕落守护者,3063,1,0,0,0,1,1,0,0,0,0,0,0,0,0,0,0,0,,0,1,0,0,0
3064,1002,技能-拉巴蒂愤怒,3064,1,0,0,0,1,1,0,0,0,0,0,0,0,0,0,0,0,,0,1,0,0,0
3065,1003,技能-拉巴蒂蛇头连击,3065,1,0,0,0,1,1,0,0,0,0,0,0,0,0,0,0,0,,0,1,0,0,0
3066,1004,技能-拉巴蒂尾击,3066,1,0,0,0,1,1,0,0,0,0,0,0,0,0,0,0,0,,0,1,0,0,0
3067,1005,技能-拉巴蒂蛇头轰击,3067,1,0,0,0,1,1,0,0,0,0,0,0,0,0,0,0,0,,0,1,0,0,0
3068,1006,技能-拉巴蒂超级连招,3068,1,0,0,0,1,1,0,0,0,0,0,0,0,0,0,0,0,,0,1,0,0,0
3069,1007,技能-拉巴蒂毒雾,3069,1,0,0,0,1,1,0,0,0,0,0,0,0,0,0,0,0,,0,1,0,0,0
3070,1003,技能-近战沙基安招陷阱,3070,1,0,0,0,1,1,0,0,0,0,0,0,0,0,0,0,0,,0,1,0,0,0
3071,1003,技能-长矛沙基安招陷阱,3071,1,0,0,0,1,1,0,0,0,0,0,0,0,0,0,0,0,,0,1,0,0,0
3072,1003,技能-魔法沙基安招陷阱,3072,1,0,0,0,1,1,0,0,0,0,0,0,0,0,0,0,0,,0,1,0,0,0
3073,1002,技能-昆昆沉地,3073,1,0,0,0,1,1,0,0,0,0,0,0,0,0,0,0,0,,0,1,0,0,0
3074,1003,技能-昆昆出现,3074,1,0,0,0,1,1,0,0,0,0,0,0,0,0,0,0,0,,0,1,0,0,0
3075,1004,技能-昆昆右砸地,3075,1,0,0,0,1,1,0,0,0,0,0,0,0,0,0,0,0,,0,1,0,0,0
3076,1005,技能-昆昆尾巴穿刺,3076,1,0,0,0,1,1,0,0,0,0,0,0,0,0,0,0,0,,0,1,0,0,0
3077,1008,技能-拉巴蒂1,3077,1,0,0,0,1,1,0,0,0,0,0,0,0,0,0,0,0,,0,1,0,0,0
3078,1009,技能-拉巴蒂2,3078,1,0,0,0,1,1,0,0,0,0,0,0,0,0,0,0,0,,0,1,0,0,0
3079,1006,技能-昆昆1,3079,1,0,0,0,1,1,0,0,0,0,0,0,0,0,0,0,0,,0,1,0,0,0
3080,1007,技能-昆昆2,3080,1,0,0,0,1,1,0,0,0,0,0,0,0,0,0,0,0,,0,1,0,0,0
3081,1003,毒虫表现,3081,1,0,0,0,1,1,0,0,0,0,0,0,0,0,0,0,0,,0,1,0,0,0
5001,1001,矮人狂战士普攻,5001,1,0,0,0,0,1,0,0,0,0,0,0,0,0,0,0,0,矮人狂战士大力挥舞巨斧，对正面小范围区域内的多个目标造成物理伤害。,SwordSlash_a,1,0,0,0
5002,1001,蝶仙儿普攻,5002,1,0,0,0,0,1,0,0,0,0,0,0,0,0,0,0,0,小花仙煽动翅膀，向前方发出一道旋风，对旋风经过路径上的所有敌人造成雷电伤害。,SwordSlash_a,1,0,0,0
5003,1001,小艾丽娅普攻,5003,1,0,0,0,0,1,0,0,0,0,0,0,0,0,0,0,0,小艾丽娅向前方发射一枚冰霜魔法弹，对命中的目标造成冰霜伤害。,SwordSlash_a,1,0,0,0
5004,1001,酒桶普攻,5004,1,0,0,0,0,1,0,0,0,0,0,0,0,0,0,0,0,酒桶朝前方扔出手中的酒杯，暴裂的酒杯会对目标范围内的所有敌人造成冰霜伤害。,SwordSlash_a,1,0,0,0
5005,1001,圣光主祭普攻,5005,1,0,0,0,0,1,0,0,0,0,0,0,0,0,0,0,0,白长老朝前方释放一枚雷光弹，对命中的敌人造成雷电伤害。,SwordSlash_a,1,0,0,0
5006,1001,流浪武士普攻,5006,1,0,0,0,0,1,0,0,0,0,0,0,0,0,0,0,0,朝前方发射一枚气功弹，对被气功弹击中的敌人造成物理伤害。,SwordSlash_a,1,0,0,0
5007,1001,矮人射手普攻,5007,1,0,0,0,0,1,0,0,0,0,0,0,0,0,0,0,0,矮人朝前方射出多枚火箭，对前方扇形区域内的所有敌人造成物理伤害。,SwordSlash_a,1,0,0,0
5008,1001,圣火妖姬普攻,5008,1,0,0,0,0,1,0,0,0,0,0,0,0,0,0,0,0,圣火妖姬朝前方区域喷射火焰，对前方扇形范围内的所有敌人造成火焰伤害。,SwordSlash_a,1,0,0,0
5009,1001,狮心勇士普攻,5009,1,0,0,0,0,1,0,0,0,0,0,0,0,0,0,0,0,狮心勇士挥舞着砂锅大的拳头朝敌人猛击，对前方小范围内的敌人造成物理伤害。,SwordSlash_a,1,0,0,0
5010,1001,流浪法师普攻,5010,1,0,0,0,0,1,0,0,0,0,0,0,0,0,0,0,0,朝前方发射一个闪电球，闪电球将会对所有触碰到它的敌人造成雷电伤害。,SwordSlash_a,1,0,0,0
5011,1001,黑狮撒满普攻,5011,1,0,0,0,0,1,0,0,0,0,0,0,0,0,0,0,0,发射一枚闪电球，闪电球命中敌人后将对其造成雷电伤害，并少量回复自身生命值。,SwordSlash_a,1,0,0,0
5012,1001,玄冰法师普攻,5012,1,0,0,0,0,1,0,0,0,0,0,0,0,0,0,0,0,向前方发射一枚玄冰球，对所有触碰到玄冰球的敌人造成冰霜伤害，并使其减速15%。,SwordSlash_a,1,0,0,0
5013,1001,绿衣普攻,5013,1,0,0,0,0,1,0,0,0,0,0,0,0,0,0,0,0,绿衣朝前方释放一枚毒球，毒球在击中敌人后将会对其造成毒素伤害。,SwordSlash_a,1,0,0,0
5014,1001,玲珑侍女普攻,5014,1,0,0,0,0,1,0,0,0,0,0,0,0,0,0,0,0,玲珑侍女朝前方发射一枚玄光球，玄光球在击中敌人后将会对其造成雷电伤害。,SwordSlash_a,1,0,0,0
5015,1001,铁锤普攻,5015,1,0,0,0,0,1,0,0,0,0,0,0,0,0,0,0,0,矮人挥舞铁锤进行攻击，对前方小范围内的所有敌人造成物理伤害。,SwordSlash_a,1,0,0,0
5016,1001,艾尔蕾雅普攻,5016,1,0,0,0,0,1,0,0,0,0,0,0,0,0,0,0,0,艾尔蕾雅召唤冰锥攻击敌人，冰锥在击中敌人后爆裂，对目标及其周围的所有敌人造成冰霜伤害。,SwordSlash_a,1,0,0,0
5017,1001,美食家温妮普攻,5017,1,0,0,0,0,1,0,0,0,0,0,0,0,0,0,0,0,温妮将手中锅铲向前扔出，对被锅铲击中的敌人造成物理伤害。,SwordSlash_a,1,0,0,0
5018,1001,低级侍卫普攻,5018,1,0,0,0,0,1,0,0,0,0,0,0,0,0,0,0,0,挥舞长柄菜刀进行劈砍，对前方小范围内的所有敌人造成物理伤害。,SwordSlash_a,1,0,0,0
5019,1001,豆豆普攻,5019,1,0,0,0,0,1,0,0,0,0,0,0,0,0,0,0,0,豆豆举起盾牌攻击敌人，对前方小范围区域内的敌人造成物理伤害。,SwordSlash_a,1,0,0,0
5020,1001,中级侍卫普攻,5020,1,0,0,0,0,1,0,0,0,0,0,0,0,0,0,0,0,朝前方猛刺，对前方小范围内的所有敌人造成物理伤害。,SwordSlash_a,1,0,0,0
5021,1001,火焰法师普攻,5021,1,0,0,0,0,1,0,0,0,0,0,0,0,0,0,0,0,火焰法师向前方发射一枚火球，火球在触碰到敌人将发生爆炸，对爆炸范围内的所有敌人造成火焰伤害。,SwordSlash_a,1,0,0,0
5022,1001,暗影普攻,5022,1,0,0,0,0,1,0,0,0,0,0,0,0,0,0,0,0,暗影挥舞巨大的镰刀进行攻击，对前方扇形区域内的所有敌人造成物理伤害。,SwordSlash_a,1,0,0,0
5023,1001,玛丽娜普攻,5023,1,0,0,0,0,1,0,0,0,0,0,0,0,0,0,0,0,玛丽娜朝敌人发射一枚小型榴弹，榴弹在击中敌人后将会发生爆炸，对目标及其周围2米范围内的所有敌人造成物理伤害。,SwordSlash_a,1,0,0,0
5024,1001,米勒大叔普攻,5024,1,0,0,0,0,1,0,0,0,0,0,0,0,0,0,0,0,米勒大叔向前方发射一枚玄光球，对所有触碰到玄光球的敌人造成少量雷电伤害。,SwordSlash_a,1,0,0,0
5025,1001,佩恩普攻,5025,1,0,0,0,0,1,0,0,0,0,0,0,0,0,0,0,0,佩恩挥舞长剑攻击敌人，对前方扇形范围内的所有敌人造成少量物理伤害。,SwordSlash_a,1,0,0,0
5026,1001,秀逗魔术师普攻,5026,1,0,0,0,0,1,0,0,0,0,0,0,0,0,0,0,0,兰斯朝前方射出一枚火焰卡牌，对前方所有被卡牌穿过的敌人造成火焰伤害。,SwordSlash_a,1,0,0,0
5027,1001,克丽缇娜普攻,5027,1,0,0,0,0,1,0,0,0,0,0,0,0,0,0,0,0,克丽缇娜挥舞影刃，对前方扇形范围内的所有敌人造成物理伤害。,SwordSlash_a,1,0,0,0
5028,1001,矮人督察官普攻,5028,1,0,0,0,0,1,0,0,0,0,0,0,0,0,0,0,0,矮人挥舞锤子攻击敌人，对前方小范围内的所有敌人造成物理伤害。,SwordSlash_a,1,0,0,0
5029,1001,格林大妈普攻,5029,1,0,0,0,0,1,0,0,0,0,0,0,0,0,0,0,0,大妈挥舞铁勺，对前方小范围内的敌人造成少量物理伤害。,SwordSlash_a,1,0,0,0
5030,1001,爱丽丝普攻,5030,1,0,0,0,0,1,0,0,0,0,0,0,0,0,0,0,0,爱丽丝向前方发射一枚毒球，对所有被毒球触碰到的敌人造成少量毒素伤害。,SwordSlash_a,1,0,0,0
5031,1001,经验童子普攻,5031,1,0,0,0,0,1,0,0,0,0,0,0,0,0,0,0,0,向前方发射一枚雷光球，雷光球将会对所有被其击中的目标造成少量雷电伤害。,SwordSlash_a,1,0,0,0
5035,1001,克里斯普攻,5035,1,0,0,0,0,1,0,0,0,0,0,0,0,0,0,0,0,克里斯挥舞长剑劈砍敌人，对前方小范围内的所有敌人造成物理伤害。,SwordSlash_a,1,0,0,0
5036,1001,光之教父普攻,5036,1,0,0,0,0,1,0,0,0,0,0,0,0,0,0,0,0,海伍德朝前方发射一枚雷光球，雷光球将会对所有被其击中的敌人造成雷电伤害。,SwordSlash_a,1,0,0,0
5037,1001,炼金术士普攻,5037,1,0,0,0,0,1,0,0,0,0,0,0,0,0,0,0,0,炼金术士斐迪南朝前方扔出一个毒剂瓶，毒剂瓶在击中敌人后将会发生爆裂，对目标及其周围小范围内的所有敌人造成毒素伤害。,SwordSlash_a,1,0,0,0
5038,1001,海洋之心普攻,5038,1,0,0,0,0,1,0,0,0,0,0,0,0,0,0,0,0,阿诺德朝前方释放一颗水弹，水弹在命中目标后将发生爆裂，对目标及其周围小范围内的所有敌人造成冰霜伤害。,SwordSlash_a,1,0,0,0
6001,1002,狂暴旋风斩,6001,1,0,0,0,1,1,0,0,0,0,0,0,0,0,0,13000,0,矮人狂战士挥舞巨斧飞速旋转，形成一道旋风，对旋风周围的所有敌人造成大量物理伤害。,kuangbaoxuanfengzhan,1,0,0,0
6002,1002,大蔓藤术,6002,1,0,0,0,1,1,0,0,0,0,0,0,0,0,0,17000,0,小花仙在身周召唤出大量森林蔓藤缠绕敌人，所有被蔓藤缠绕的敌人都将被束缚，并受到持续的毒素伤害。,damantengshu,1,0,0,0
6003,1002,神圣祈祷,6003,1,0,0,0,1,1,0,0,0,0,0,0,0,0,0,16000,0,小艾丽娅发起祈祷，持续5秒。在祈祷期间，其身周的所有友方目标都将能够持续回复大量生命值。,shenshengqidao,1,0,0,0
6004,1002,爆裂酒杯,6004,1,0,0,0,1,1,0,0,0,0,0,0,0,0,0,10000,0,酒桶朝前方扔出一个蓄满能量的大酒杯，能量酒杯在命中敌人时会发生猛烈爆炸，将爆炸区域内的所有敌人炸飞，并对他们造成大量冰霜伤害。,baoliejiubei,1,0,0,0
6005,1002,圣光法阵,6005,1,0,0,0,1,1,0,0,0,0,0,0,0,0,0,15000,0,白长老在脚下召唤出一个持续的圣光法阵，所有身处法阵之中的友方单位受到的伤害将大幅减少。,shengguangfazhen,1,0,0,0
6006,1002,气功波,6006,1,0,0,0,1,1,0,0,0,0,0,0,0,0,0,8000,0,小黄蓄力朝前方发射一束超强气功波，对所有被气功波击中的敌人造成大量物理伤害。,qigongbo,1,0,0,0
6007,1002,爆炎多重箭,6007,1,0,0,0,1,1,0,0,0,0,0,0,0,0,0,15000,0,矮人神射手朝前方进行攒射，不断射出大量火箭，对前方扇形区域内的所有敌人造成大量物理伤害，并对命中的目标造成灼烧效果。,baoyanduochongjian,1,0,0,0
6008,1002,赤炎火狱,6008,1,0,0,0,1,1,0,0,0,0,0,0,0,0,0,15000,0,圣火妖姬在身周召唤出大量火焰形成赤炎火狱，对所有身处赤炎火狱中的敌人持续造成大量火焰伤害。,chiyanhuoyu,1,0,0,0
6009,1002,狮心长拳,6009,1,0,0,0,1,1,0,0,0,0,0,0,0,0,0,8000,0,狮心勇士朝前方猛烈击出重拳，重拳所带出的拳风将对前方扇形区域内的所有敌人造成一次大量物理伤害。,shixinchangquan,1,0,0,0
6010,1002,引雷术,6010,1,0,0,0,1,1,0,0,0,0,0,0,0,0,0,8000,0,流浪法师能够引导雷电之力轰击敌人，对所有被雷击的敌人造成大量雷电伤害。,yinleishu,1,0,0,0
6011,1002,玲珑法阵,6011,1,0,0,0,1,1,0,0,0,0,0,0,0,0,0,15000,0,玲珑侍女在身周召唤出一个持续的回复法阵，所有身处玲珑法阵中的友方单位都将能够持续回复生命值。,linglongfazhen,1,0,0,0
6012,1002,地裂一击,6012,1,0,0,0,1,1,0,0,0,0,0,0,0,0,0,8000,0,矮人举起铁锤猛烈砸击地面，砸击所产生的强劲地震波将向外扩散，对周围小范围内的所有敌人造成大量物理伤害，并造成2秒眩晕。,dilieyiji,1,0,0,0
6013,1002,寒冰晶刺,6013,1,0,0,0,1,1,0,0,0,0,0,0,0,0,0,9000,0,艾尔蕾雅在敌人脚下召唤出一个大型寒冰刺，寒冰刺会在随后发生爆裂，并形成大量寒冰碎片，对周围的所有敌人造成大量冰霜伤害。,hanbingjingci,1,0,0,0
6014,1002,死亡审判,6014,1,0,0,0,1,1,0,0,0,0,0,0,0,0,0,10000,0,暗影朝前方飞出旋转的死亡镰刀，对所有被死亡镰刀击中的敌人造成大量物理伤害，并使其流血不止。,siwangshenpan,1,0,0,0
6015,1002,烟雾弹,6015,1,0,0,0,1,1,0,0,0,0,0,0,0,0,0,15000,0,玛丽娜朝前方发射一枚烟雾弹，烟雾弹将会在命中敌人后爆炸，形成一片半径3米的烟雾区域，所有身处烟雾中的敌人都将被致盲。,yanwudan,1,0,0,0
6016,1002,治愈光球,6016,1,0,0,0,1,1,0,0,0,0,0,0,0,0,0,20000,0,米勒大叔召唤出3个治愈光球环绕自身不断旋转，每个治愈光球都能够吸取周围敌人的生命，并用来缓慢回复友方目标生命。,zhiyuguangqiu,1,0,0,0
6017,1002,剑影突袭,6017,1,0,0,0,1,1,0,0,0,0,0,0,0,0,0,10000,0,佩恩快速挥舞长剑，向前方发出两道剑影，任何被剑影击中的敌人都将受到大量物理伤害。,jianyingtuxi,1,0,0,0
6018,1002,卡牌风暴,6018,1,0,0,0,1,1,0,0,0,0,0,0,0,0,0,13000,0,兰斯激发出大量旋转的火焰卡牌朝外飞出，对所有被火焰卡牌击中的敌人造成大量火焰伤害。,kapaifengbao,1,0,0,0
6019,1002,幻影炫舞,6019,1,0,0,0,1,1,0,0,0,0,0,0,0,0,0,12000,0,克丽缇娜高速旋转，并在旋转的过程中不断向四周发射剧毒飞镖，对周围的敌人总计造成相当于自身攻击力380%物理伤害，并使其中毒。,jianyingtuxi,1,0,0,0
6020,1002,流星重锤,6020,1,0,0,0,1,1,0,0,0,0,0,0,0,0,0,10000,0,矮人举起铁锤猛烈砸击地面，砸击所产生的强劲地震波将向外扩散，对周围小范围内的所有敌人造成大量物理伤害，并造成2秒眩晕。,dilieyiji,1,0,0,0
6021,1002,暗夜圆舞,6021,1,0,0,0,1,1,0,0,0,0,0,0,0,0,0,10000,0,克里斯挥剑旋转一周，向四周发散出一圈圆形剑气，向外扩散的圆形剑气将会对所有被剑气击中的敌人造成相当于攻击力300%的物理伤害。,linglongfazhen,1,0,0,0
6022,1002,折光,6022,1,0,0,0,1,1,0,0,0,0,0,0,0,0,0,18000,0,光之教父海伍德通过扭曲光线为周围5米范围内的所有友方单位加持圣光盾，圣光盾将会保护目标免受伤害，并且能够将受到的攻击伤害百分百反弹给攻击者，圣光盾持续3秒。,qigongbo,1,0,0,0
6023,1002,毒剂炸弹,6023,1,0,0,0,1,1,0,0,0,0,0,0,0,0,0,15000,0,斐迪南朝前方区域扔出一个大型毒剂瓶，毒剂瓶在命中目标区域后将会发生猛烈爆炸，对目标区域内的所有敌人造成一次猛烈的毒素伤害，并在之后形成一大片毒雾，所有身处毒雾内的敌人还将持续受到毒素伤害。,yanwudan,1,0,0,0
6024,1002,深海巨浪,6024,1,0,0,0,1,1,0,0,0,0,0,0,0,0,0,15000,0,海洋之心阿诺德朝前方召唤出一波深海巨浪攻击敌人，深海巨浪被召唤后将会不断朝前涌动，对所有被巨浪击中的敌人造成相当于攻击力300%的冰霜伤害；巨浪能够将敌人短暂击退，并使其在接下来的3秒内被大幅减速。,baoliejiubei,1,0,0,0
7001,1003,无畏冲锋,7001,1,0,0,0,2,1,0,0,0,0,0,0,0,0,0,6000,0,矮人狂战士向前发起一次冲锋，对冲锋路径上的所有敌人造成物理伤害。,wuweichongfeng,1,0,0,0
7002,1003,雷云风暴,7002,1,0,0,0,2,1,0,0,0,0,0,0,0,0,0,10000,0,小花仙猛力煽动翅膀，同时向四周放出6道旋风，对所有被旋风击中的敌人造成中等的雷电伤害。,leiyunfengbao,1,0,0,0
7003,1003,生命礼赞,7003,1,0,0,0,2,1,0,0,0,0,0,0,0,0,0,8000,0,小艾丽娅紧跟主人，每隔一段时间将会为主人及自身回复少量生命值。,shengminglizan,1,0,0,0
7004,1003,醉步,7004,1,0,0,0,2,1,0,0,0,0,0,0,0,0,0,20000,0,酒桶能够在大量饮酒后施展醉步，使其能够在接下来的8秒内躲掉所有攻击伤害。,zuibu,1,0,0,0
7005,1003,治愈术,7005,1,0,0,0,2,1,0,0,0,0,0,0,0,0,0,8000,0,绿衣施展治愈之术，为一名友方目标回复少量生命。,zhiyushu,1,0,0,0
7006,1003,献祭,7006,1,0,0,0,2,1,0,0,0,0,0,0,0,0,0,20000,0,暗影可以发动献祭，献祭后暗影的攻击力将得到短暂的大幅提高。,xianji,1,0,0,0
7007,1003,三重榴弹,7007,1,0,0,0,2,1,0,0,0,0,0,0,0,0,0,8000,0,玛丽娜朝前方同时发射三枚重型榴弹，每一枚榴弹在命中目标并爆炸后都能够对范围内的所有敌人造成物理伤害。,sanchongliudan,1,0,0,0
7008,1003,神圣护盾,7008,1,0,0,0,2,1,0,0,0,0,0,0,0,0,0,15000,0,米勒大叔为一名随机友方目标加持一个护盾，护盾将大幅提升目标的防御力。,shenshenghudun,1,0,0,0
7009,1003,强力盾击,7009,1,0,0,0,2,1,0,0,0,0,0,0,0,0,0,7000,0,佩恩举起盾牌朝前方发起盾击，对前方小范围内的所有敌人造成少量物理伤害，并将敌人震退，造成短暂的眩晕。,qianglidunji,1,0,0,0
7010,1003,火焰卡牌,7010,1,0,0,0,2,1,0,0,0,0,0,0,0,0,0,8000,0,兰斯在攻击敌人时将有一定概率朝前方同时发射三枚火焰卡牌，每一枚卡牌都将对被其穿过的敌人造成火焰伤害。,huoyankapai,1,0,0,0
7011,1003,幻影步,7011,1,0,0,0,2,1,0,0,0,0,0,0,0,0,0,18000,0,克丽缇娜能够通过施展幻影步来躲避掉大部分的攻击伤害。,zuibu,1,0,0,0
7012,1003,黑暗之力,7012,1,0,0,0,2,1,0,0,0,0,0,0,0,0,0,15000,0,克里斯每隔一段时间将会获得一次黑暗之力的加持，在黑暗之力加持期间，克里斯的所有攻击将必定发生暴击。,xianji,1,0,0,0
7013,1003,光速,7013,1,0,0,0,2,1,0,0,0,0,0,0,0,0,0,12000,0,海伍德为周围5米范围内的所有友方单位加持光之极速，使其攻击速度和移动速度得到了大幅提升。,zuibu,1,0,0,0
7014,1003,三勒浆,7014,1,0,0,0,2,1,0,0,0,0,0,0,0,0,0,15000,0,斐迪南喝下整整一瓶自己调制的三勒浆，三勒浆能够充分激发其潜能，使得自身攻击力得到了大幅提高。,shengminglizan,1,0,0,0
7015,1003,潮汐之力,7015,1,0,0,0,2,1,0,0,0,0,0,0,0,0,0,5000,0,阿诺德在进入战斗后将能够持续为自身加持潮汐之力，每一层潮汐之力能够为阿诺德额外提供5%的攻击力加成，阿诺德最多能够加持5层潮汐之力。,lianqidashi,1,0,0,0
20001,1004,狂暴之心,20001,1,0,0,0,3,1,0,0,0,0,0,0,0,0,0,0,0,当矮人狂战士的血量少于50%时，将会触发一次持续10秒的狂暴状态，在狂暴状态下，矮人狂战士的攻击力将会翻倍。狂暴状态最多被触发1次。,kuangbaozhixin,1,0,0,0
20002,1004,暴力美学,20002,1,0,0,0,3,1,0,0,0,0,0,0,0,0,0,0,0,矮人狂战士的所有攻击都会有一定概率触发额外的暴击率。,baolimeixue,1,0,0,0
20003,1004,自然之力,20003,1,0,0,0,3,1,0,0,0,0,0,0,0,0,0,0,0,小花仙受到自然之力庇护，能够持续地回复自身生命。,ziranzhili,1,0,0,0
20004,1004,精灵炫舞,20004,1,0,0,0,3,1,0,0,0,0,0,0,0,0,0,0,0,小花仙在受到物理攻击时将会有10%的概率躲避掉攻击伤害。,jinglingxuanwu,1,0,0,0
20005,1004,净化之体,20005,1,0,0,0,3,1,0,0,0,0,0,0,0,0,0,0,0,小艾丽娅的净化之体使其能够豁免一定程度的毒素伤害。,jinghuazhiti,1,0,0,0
20006,1004,拒火之体,20006,1,0,0,0,3,1,0,0,0,0,0,0,0,0,0,0,0,小艾丽娅的拒火之体能够大大提升其火焰抗性。,juhuozhiti,1,0,0,0
20007,1004,酒精催化,20007,1,0,0,0,3,1,0,0,0,0,0,0,0,0,0,0,0,依靠酒精的催化效果，酒桶的冰霜伤害能力大大增强。,jiujingcuihua,1,0,0,0
20008,1004,酒气熏天,20008,1,0,0,0,3,1,0,0,0,0,0,0,0,0,0,0,0,所有靠近酒桶的敌人都将受到酒桶的酒气影响，移动速度大幅下降。,jiuqixuntian,1,0,0,0
20009,1004,神圣祝福,20009,1,0,0,0,3,1,0,0,0,0,0,0,0,0,0,0,0,身处白长老身周的所有友方目标都将获得主祭的祝福，所有元素的抗性都将得到提升。,shenshengzhufu,1,0,0,0
20010,1004,圣光守护,20010,1,0,0,0,3,1,0,0,0,0,0,0,0,0,0,0,0,身处白长老身周的所有友方目标都将能够得到圣光的守护，使自身所受到的伤害减少。,shengguangshouhu,1,0,0,0
20011,1004,练气大师,20011,1,0,0,0,3,1,0,0,0,0,0,0,0,0,0,0,0,小黄自身生命将永久提升5%。,lianqidashi,1,0,0,0
20012,1004,元气盾,20012,1,0,0,0,3,1,0,0,0,0,0,0,0,0,0,0,0,当小黄血量低于50%时将会触发元气盾，元气盾能够大大减少小黄所受到的伤害。元气盾最多被触发1次。,yuanqidun,1,0,0,0
20013,1004,精准射击,20013,1,0,0,0,3,1,0,0,0,0,0,0,0,0,0,0,0,矮人神射手精通射击之道，其命中将得到永久提升。,jingzhunsheji,1,0,0,0
20014,1004,强力穿透,20014,1,0,0,0,3,1,0,0,0,0,0,0,0,0,0,0,0,矮人神射手射出的箭支拥有极强的穿透能力，有15%的概率能够忽视目标防御，对其造成重创。,qianglichuantou,1,0,0,0
20015,1004,火焰之力,20015,1,0,0,0,3,1,0,0,0,0,0,0,0,0,0,0,0,所有受到圣火妖姬攻击的敌人都将有一定概率被点燃，受到持续的灼烧效果。,huoyanzhili,1,0,0,0
20016,1004,火焰之体,20016,1,0,0,0,3,1,0,0,0,0,0,0,0,0,0,0,0,所有攻击圣火妖姬的敌人都将有一定概率被圣火点燃，从而受到持续的灼烧效果。,huoyanzhiti,1,0,0,0
20017,1004,四肢发达,20017,1,0,0,0,3,1,0,0,0,0,0,0,0,0,0,0,0,狮心勇士通过战斗不断磨砺体格，使自身物理攻击力及防御力额外提升5%。,sizhifada,1,0,0,0
20018,1004,铁拳宗师,20018,1,0,0,0,3,1,0,0,0,0,0,0,0,0,0,0,0,对于拳术的深入了解，使得狮心勇士的攻击拥有强大的穿透能力。,tiequanzongshi,1,0,0,0
20019,1004,魔爆之心,20019,1,0,0,0,3,1,0,0,0,0,0,0,0,0,0,0,0,所有攻击都将有20%几率造成额外伤害。,mobaozhixin,1,0,0,0
20020,1004,魔法学徒,20020,1,0,0,0,3,1,0,0,0,0,0,0,0,0,0,0,0,掌握了初级魔法原理，自身全属性元素伤害得到了少量提升。,mofaxuetu,1,0,0,0
20021,1004,寒冰光环,20021,1,0,0,0,3,1,0,0,0,0,0,0,0,0,0,0,0,所有处于玄冰法师身周的敌人都将受到寒冰影响，移动速度被降低。,hanbingguanghuan,1,0,0,0
20022,1004,玲珑之心,20022,1,0,0,0,3,1,0,0,0,0,0,0,0,0,0,0,0,玲珑侍女及其身周的所有友方单位都将能够持续回复少量生命值。,linglongzhixin,1,0,0,0
20023,1004,圣光盾,20023,1,0,0,0,3,1,0,0,0,0,0,0,0,0,0,0,0,当玲珑侍女的血量低于30%时将会触发圣光盾，圣光盾能够大大减少其受到的伤害。圣光盾最多被触发1次。,shengguangdun,1,0,0,0
20024,1004,抗性皮肤,20024,1,0,0,0,3,1,0,0,0,0,0,0,0,0,0,0,0,矮人铁锤拥有强大元素抵抗能力，各系元素抗性将能够得到永久提升。,kangxingpifu,1,0,0,0
20025,1004,绝对防御,20025,1,0,0,0,3,1,0,0,0,0,0,0,0,0,0,0,0,矮人铁锤自身防御力大大提高。,xishengzhidao,1,0,0,0
20026,1004,冰寒之力,20026,1,0,0,0,3,1,0,0,0,0,0,0,0,0,0,0,0,所有被艾尔蕾雅攻击的敌人都将被冰寒之力侵蚀，从而影响其移动速度。,binghanzhili,1,0,0,0
20027,1004,寒冰护盾,20027,1,0,0,0,3,1,0,0,0,0,0,0,0,0,0,0,0,艾尔蕾雅运用寒冰之力凝结护盾，并在其血量低于50%时释放，寒冰护盾将大大提升艾尔蕾雅的防御力。寒冰护盾最多只会被召唤1次。,hanbinghudun,1,0,0,0
20028,1004,美食专家,20028,1,0,0,0,3,1,0,0,0,0,0,0,0,0,0,0,0,温妮的每次普通攻击都有几率回复自身少量生命值。,meishizhuanjia,1,0,0,0
20029,1004,训练有素,20029,1,0,0,0,3,1,0,0,0,0,0,0,0,0,0,0,0,自身攻击力及防御力提升大大提高。,xunlianyousu,1,0,0,0
20030,1004,暗影之舞,20030,1,0,0,0,3,1,0,0,0,0,0,0,0,0,0,0,0,针对暗影的所有攻击都将会有几率发生丢失。,anyingzhiwu,1,0,0,0
20031,1004,暗影之刃,20031,1,0,0,0,3,1,0,0,0,0,0,0,0,0,0,0,0,暗影可以通过死亡镰刀吸取敌人生命治疗自身，使暗影的每次攻击都可回复自身少量生命值。,anyingzhiren,1,0,0,0
20032,1004,枪炮专家,20032,1,0,0,0,3,1,0,0,0,0,0,0,0,0,0,0,0,玛丽娜精通枪炮机械，使得其枪炮伤害能力提升10%。,qiangpaozhuanjia,1,0,0,0
20033,1004,精准,20033,1,0,0,0,3,1,0,0,0,0,0,0,0,0,0,0,0,玛丽娜自身命中率将永久提升10%。,jingzhun,1,0,0,0
20034,1004,圣言祝福,20034,1,0,0,0,3,1,0,0,0,0,0,0,0,0,0,0,0,所有身处米勒大叔10米范围内的友方目标都能够得到米勒大叔的圣言祝福，自身元素抗性得到了大幅提升。,shengyanzhufu,1,0,0,0
20035,1004,老当益壮,20035,1,0,0,0,3,1,0,0,0,0,0,0,0,0,0,0,0,米勒大叔老当益壮，自身移动速度得到了永久提升。,laodangyizhuang,1,0,0,0
20036,1004,攻守之势,20036,1,0,0,0,3,1,0,0,0,0,0,0,0,0,0,0,0,资深战士佩恩熟知攻守之势，自身攻击力及防御力将得到额外提升。,gongshouzhishi,1,0,0,0
20037,1004,魔法盾牌,20037,1,0,0,0,3,1,0,0,0,0,0,0,0,0,0,0,0,佩恩的魔法盾牌能够为佩恩抵挡大量元素伤害，自身各系元素抗性将得到永久提升。,mofadunpai,1,0,0,0
20038,1004,魔爆奥义,20038,1,0,0,0,3,1,0,0,0,0,0,0,0,0,0,0,0,兰斯发出的每一枚卡牌都将有一定几率产生暴击效果。,mobaoaoyi,1,0,0,0
20039,1004,魔力导师,20039,1,0,0,0,3,1,0,0,0,0,0,0,0,0,0,0,0,兰斯精通魔法原理，自身全属性元素伤害得到了大幅提升。,molidaoshi,1,0,0,0
20040,1004,涂毒,20040,1,0,0,0,3,1,0,0,0,0,0,0,0,0,0,0,0,克丽缇娜的武器上都涂有剧毒，她的所有攻击都有几率使目标中毒。,anyingzhiren,1,0,0,0
20041,1004,一击必杀,20041,1,0,0,0,3,1,0,0,0,0,0,0,0,0,0,0,0,克丽缇娜拥有敏锐的观察力，能够洞悉敌人的弱点，使得她的攻击有几率直接将敌人斩杀。,qianglichuantou,1,0,0,0
20042,1004,威慑,20042,1,0,0,0,3,1,0,0,0,0,0,0,0,0,0,0,0,身处矮人督察官身周6米范围内的所有敌人都将被威慑影响，自身防御力减少5%。,xishengzhidao,1,0,0,0
20043,1004,强力锤击,20043,1,0,0,0,3,1,0,0,0,0,0,0,0,0,0,0,0,矮人督察官的每一次攻击都将有几率忽视目标一定比例的防御。,laodangyizhuang,1,0,0,0
20044,1004,经验材料,20044,1,0,0,0,3,1,0,0,0,0,0,0,0,0,0,0,0,经验童子在作为升级材料被吞噬时能够提供升级经验。,shenshengzhufu,1,0,0,0
20045,1004,不能升级,20045,1,0,0,0,3,1,0,0,0,0,0,0,0,0,0,0,0,经验童子不能够升级。,binghanzhili,1,0,0,0
20046,1004,非强化材料,20046,1,0,0,0,3,1,0,0,0,0,0,0,0,0,0,0,0,经验童子不能用于战魂强化，非强化材料。,mofaxuetu,1,0,0,0
20047,1004,王者圣剑,20047,1,0,0,0,3,1,0,0,0,0,0,0,0,0,0,0,0,克里斯所持的王者圣剑使得克里斯的所有攻击拥有强大的穿透能力。,baolimeixue,1,0,0,0
20048,1004,王者威压,20048,1,0,0,0,3,1,0,0,0,0,0,0,0,0,0,0,0,克里斯霸气侧漏，使得周围所有敌人的防御力大幅下降。,xishengzhidao,1,0,0,0
20049,1004,雷光奥义,20049,1,0,0,0,3,1,0,0,0,0,0,0,0,0,0,0,0,洞悉雷光奥义，教父海伍德的所有攻击将拥有更为强劲的穿透效果。,linglongzhixin,1,0,0,0
20050,1004,雷光守护,20050,1,0,0,0,3,1,0,0,0,0,0,0,0,0,0,0,0,海伍德受到雷光之力守护，自身防御力得到了大幅提升。,ziranzhili,1,0,0,0
20051,1004,毒性强化,20051,1,0,0,0,3,1,0,0,0,0,0,0,0,0,0,0,0,所有被斐迪南的毒剂瓶击中的目标都将受到持续的毒素伤害。,shengminglizan,1,0,0,0
20052,1004,高倍老花镜,20052,1,0,0,0,3,1,0,0,0,0,0,0,0,0,0,0,0,斐迪南的高倍老花镜大大提升了他的命中能力。,jingzhun,1,0,0,0
20053,1004,水之幻体,20053,1,0,0,0,3,1,0,0,0,0,0,0,0,0,0,0,0,阿诺德的身体完全由海水构成，从而使其拥有了杰出的闪避能力。,jinglingxuanwu,1,0,0,0
20054,1004,水汽操控者,20054,1,0,0,0,3,1,0,0,0,0,0,0,0,0,0,0,0,阿诺德能够操控周围的水汽，使其周围所有的敌人陷入迟滞，移动速度大幅下降。,jiujingcuihua,1,0,0,0
25001,1004,矮人近卫军,25001,1,0,0,0,3,1,0,0,0,0,0,0,0,0,0,0,0,提升全体参战战魂30%攻击力。,airenjinweijun,1,0,0,0
25002,1004,相依为命,25002,1,0,0,0,3,1,0,0,0,0,0,0,0,0,0,0,0,每秒为主角回复1%生命值。,xiangyiweiming,1,0,0,0
25003,1004,光之后裔,25003,1,0,0,0,3,1,0,0,0,0,0,0,0,0,0,0,0,主角及所有参战战魂的防御力提升10%,guangzhihouyi,1,0,0,0
25004,1004,流浪者之心,25004,1,0,0,0,3,1,0,0,0,0,0,0,0,0,0,0,0,提升所有参战战魂10%攻击力。,liulangzhezhixin,1,0,0,0
